,Year,Month,Monthly Anomaly,Monthly Unc.,Annual Anomaly,Annual Unc.,Five-year Anomaly,Five-year Unc.,Ten-year Anomaly,Ten-year Unc.,Twenty-year Anomaly,Twenty-year Unc.
0,1825,1,-1.186,2.614,NaN,NaN,NaN,NaN,NaN,NaN,NaN,NaN
1,1825,2,-1.318,1.816,NaN,NaN,NaN,NaN,NaN,NaN,NaN,NaN
2,1825,3,-1.059,2.302,-0.647,0.482,NaN,NaN,NaN,NaN,NaN,NaN
3,1825,4,-0.348,2.729,-0.594,0.490,NaN,NaN,NaN,NaN,NaN,NaN
4,1825,5,-0.274,1.808,-0.578,0.495,NaN,NaN,NaN,NaN,NaN,NaN
5,1825,6,0.028,1.576,-0.736,0.424,NaN,NaN,NaN,NaN,NaN,NaN
6,1825,7,0.321,2.926,-0.683,0.519,NaN,NaN,NaN,NaN,NaN,NaN
7,1825,8,-0.804,1.960,-0.710,0.548,NaN,NaN,NaN,NaN,NaN,NaN
8,1825,9,-0.999,1.444,-0.688,0.578,NaN,NaN,NaN,NaN,NaN,NaN
9,1825,10,-0.907,1.980,NaN,NaN,NaN,NaN,NaN,NaN,NaN,NaN
10,1825,11,-0.885,2.852,NaN,NaN,NaN,NaN,NaN,NaN,NaN,NaN
11,1825,12,-1.394,1.942,NaN,NaN,NaN,NaN,NaN,NaN,NaN,NaN
12,1826,1,NaN,NaN,NaN,NaN,NaN,NaN,NaN,NaN,NaN,NaN
13,1826,2,NaN,NaN,NaN,NaN,NaN,NaN,NaN,NaN,NaN,NaN
14,1826,3,NaN,NaN,NaN,NaN,NaN,NaN,NaN,NaN,NaN,NaN
15,1826,4,NaN,NaN,NaN,NaN,NaN,NaN,NaN,NaN,NaN,NaN
16,1826,5,NaN,NaN,NaN,NaN,NaN,NaN,NaN,NaN,NaN,NaN
17,1826,6,NaN,NaN,NaN,NaN,NaN,NaN,NaN,NaN,NaN,NaN
18,1826,7,NaN,NaN,NaN,NaN,NaN,NaN,NaN,NaN,NaN,NaN
19,1826,8,NaN,NaN,NaN,NaN,NaN,NaN,NaN,NaN,NaN,NaN
20,1826,9,NaN,NaN,NaN,NaN,NaN,NaN,NaN,NaN,NaN,NaN
21,1826,10,NaN,NaN,NaN,NaN,NaN,NaN,NaN,NaN,NaN,NaN
22,1826,11,NaN,NaN,NaN,NaN,NaN,NaN,NaN,NaN,NaN,NaN
23,1826,12,NaN,NaN,NaN,NaN,NaN,NaN,NaN,NaN,NaN,NaN
24,1827,1,NaN,NaN,NaN,NaN,NaN,NaN,NaN,NaN,NaN,NaN
25,1827,2,NaN,NaN,NaN,NaN,NaN,NaN,NaN,NaN,NaN,NaN
26,1827,3,NaN,NaN,NaN,NaN,NaN,NaN,NaN,NaN,NaN,NaN
27,1827,4,NaN,NaN,NaN,NaN,NaN,NaN,NaN,NaN,NaN,NaN
28,1827,5,NaN,NaN,NaN,NaN,NaN,NaN,NaN,NaN,NaN,NaN
29,1827,6,NaN,NaN,NaN,NaN,NaN,NaN,NaN,NaN,NaN,NaN
30,1827,7,NaN,NaN,NaN,NaN,NaN,NaN,NaN,NaN,NaN,NaN
31,1827,8,NaN,NaN,NaN,NaN,NaN,NaN,NaN,NaN,NaN,NaN
32,1827,9,NaN,NaN,NaN,NaN,NaN,NaN,NaN,NaN,NaN,NaN
33,1827,10,NaN,NaN,NaN,NaN,NaN,NaN,NaN,NaN,NaN,NaN
34,1827,11,NaN,NaN,NaN,NaN,NaN,NaN,NaN,NaN,NaN,NaN
35,1827,12,NaN,NaN,NaN,NaN,NaN,NaN,NaN,NaN,NaN,NaN
36,1828,1,NaN,NaN,NaN,NaN,NaN,NaN,NaN,NaN,NaN,NaN
37,1828,2,NaN,NaN,NaN,NaN,NaN,NaN,NaN,NaN,NaN,NaN
38,1828,3,NaN,NaN,NaN,NaN,NaN,NaN,NaN,NaN,NaN,NaN
39,1828,4,NaN,NaN,NaN,NaN,NaN,NaN,NaN,NaN,NaN,NaN
40,1828,5,NaN,NaN,NaN,NaN,NaN,NaN,NaN,NaN,NaN,NaN
41,1828,6,NaN,NaN,NaN,NaN,NaN,NaN,NaN,NaN,NaN,NaN
42,1828,7,NaN,NaN,NaN,NaN,NaN,NaN,NaN,NaN,NaN,NaN
43,1828,8,NaN,NaN,NaN,NaN,NaN,NaN,NaN,NaN,NaN,NaN
44,1828,9,NaN,NaN,NaN,NaN,NaN,NaN,NaN,NaN,NaN,NaN
45,1828,10,NaN,NaN,NaN,NaN,NaN,NaN,NaN,NaN,NaN,NaN
46,1828,11,NaN,NaN,NaN,NaN,NaN,NaN,NaN,NaN,NaN,NaN
47,1828,12,NaN,NaN,NaN,NaN,NaN,NaN,NaN,NaN,NaN,NaN
48,1829,1,NaN,NaN,NaN,NaN,NaN,NaN,NaN,NaN,NaN,NaN
49,1829,2,NaN,NaN,NaN,NaN,NaN,NaN,NaN,NaN,NaN,NaN
50,1829,3,NaN,NaN,NaN,NaN,NaN,NaN,NaN,NaN,NaN,NaN
51,1829,4,NaN,NaN,NaN,NaN,NaN,NaN,NaN,NaN,NaN,NaN
52,1829,5,NaN,NaN,NaN,NaN,NaN,NaN,NaN,NaN,NaN,NaN
53,1829,6,NaN,NaN,NaN,NaN,NaN,NaN,NaN,NaN,NaN,NaN
54,1829,7,NaN,NaN,NaN,NaN,NaN,NaN,NaN,NaN,NaN,NaN
55,1829,8,NaN,NaN,NaN,NaN,NaN,NaN,NaN,NaN,NaN,NaN
56,1829,9,NaN,NaN,NaN,NaN,NaN,NaN,NaN,NaN,NaN,NaN
57,1829,10,NaN,NaN,NaN,NaN,NaN,NaN,NaN,NaN,NaN,NaN
58,1829,11,NaN,NaN,NaN,NaN,NaN,NaN,NaN,NaN,NaN,NaN
59,1829,12,NaN,NaN,NaN,NaN,NaN,NaN,NaN,NaN,NaN,NaN
60,1830,1,NaN,NaN,NaN,NaN,NaN,NaN,NaN,NaN,NaN,NaN
61,1830,2,NaN,NaN,NaN,NaN,NaN,NaN,NaN,NaN,NaN,NaN
62,1830,3,NaN,NaN,NaN,NaN,NaN,NaN,NaN,NaN,NaN,NaN
63,1830,4,NaN,NaN,NaN,NaN,NaN,NaN,NaN,NaN,NaN,NaN
64,1830,5,NaN,NaN,NaN,NaN,NaN,NaN,NaN,NaN,NaN,NaN
65,1830,6,NaN,NaN,NaN,NaN,NaN,NaN,NaN,NaN,NaN,NaN
66,1830,7,NaN,NaN,NaN,NaN,NaN,NaN,NaN,NaN,NaN,NaN
67,1830,8,NaN,NaN,NaN,NaN,NaN,NaN,NaN,NaN,NaN,NaN
68,1830,9,NaN,NaN,NaN,NaN,NaN,NaN,NaN,NaN,NaN,NaN
69,1830,10,NaN,NaN,NaN,NaN,NaN,NaN,NaN,NaN,NaN,NaN
70,1830,11,NaN,NaN,NaN,NaN,NaN,NaN,NaN,NaN,NaN,NaN
71,1830,12,NaN,NaN,NaN,NaN,NaN,NaN,NaN,NaN,NaN,NaN
72,1831,1,NaN,NaN,NaN,NaN,NaN,NaN,NaN,NaN,NaN,NaN
73,1831,2,NaN,NaN,NaN,NaN,NaN,NaN,NaN,NaN,NaN,NaN
74,1831,3,NaN,NaN,NaN,NaN,NaN,NaN,NaN,NaN,NaN,NaN
75,1831,4,NaN,NaN,NaN,NaN,NaN,NaN,NaN,NaN,NaN,NaN
76,1831,5,NaN,NaN,NaN,NaN,NaN,NaN,NaN,NaN,NaN,NaN
77,1831,6,NaN,NaN,NaN,NaN,NaN,NaN,NaN,NaN,NaN,NaN
78,1831,7,NaN,NaN,NaN,NaN,NaN,NaN,NaN,NaN,NaN,NaN
79,1831,8,NaN,NaN,NaN,NaN,NaN,NaN,NaN,NaN,NaN,NaN
80,1831,9,NaN,NaN,NaN,NaN,NaN,NaN,NaN,NaN,NaN,NaN
81,1831,10,NaN,NaN,NaN,NaN,NaN,NaN,NaN,NaN,NaN,NaN
82,1831,11,NaN,NaN,NaN,NaN,NaN,NaN,NaN,NaN,NaN,NaN
83,1831,12,NaN,NaN,NaN,NaN,NaN,NaN,NaN,NaN,NaN,NaN
84,1832,1,NaN,NaN,NaN,NaN,NaN,NaN,NaN,NaN,NaN,NaN
85,1832,2,NaN,NaN,NaN,NaN,NaN,NaN,NaN,NaN,NaN,NaN
86,1832,3,NaN,NaN,NaN,NaN,NaN,NaN,NaN,NaN,NaN,NaN
87,1832,4,NaN,NaN,NaN,NaN,NaN,NaN,NaN,NaN,NaN,NaN
88,1832,5,NaN,NaN,NaN,NaN,NaN,NaN,NaN,NaN,NaN,NaN
89,1832,6,NaN,NaN,NaN,NaN,NaN,NaN,NaN,NaN,NaN,NaN
90,1832,7,NaN,NaN,NaN,NaN,NaN,NaN,NaN,NaN,NaN,NaN
91,1832,8,NaN,NaN,NaN,NaN,NaN,NaN,NaN,NaN,NaN,NaN
92,1832,9,NaN,NaN,NaN,NaN,NaN,NaN,NaN,NaN,NaN,NaN
93,1832,10,NaN,NaN,NaN,NaN,NaN,NaN,NaN,NaN,NaN,NaN
94,1832,11,NaN,NaN,NaN,NaN,NaN,NaN,NaN,NaN,NaN,NaN
95,1832,12,NaN,NaN,NaN,NaN,NaN,NaN,NaN,NaN,NaN,NaN
96,1833,1,NaN,NaN,NaN,NaN,NaN,NaN,NaN,NaN,NaN,NaN
97,1833,2,NaN,NaN,NaN,NaN,NaN,NaN,NaN,NaN,NaN,NaN
98,1833,3,NaN,NaN,NaN,NaN,NaN,NaN,NaN,NaN,NaN,NaN
99,1833,4,NaN,NaN,NaN,NaN,NaN,NaN,NaN,NaN,NaN,NaN
100,1833,5,NaN,NaN,NaN,NaN,NaN,NaN,NaN,NaN,NaN,NaN
101,1833,6,NaN,NaN,NaN,NaN,NaN,NaN,NaN,NaN,NaN,NaN
102,1833,7,NaN,NaN,NaN,NaN,NaN,NaN,NaN,NaN,NaN,NaN
103,1833,8,NaN,NaN,NaN,NaN,NaN,NaN,NaN,NaN,NaN,NaN
104,1833,9,NaN,NaN,NaN,NaN,NaN,NaN,NaN,NaN,NaN,NaN
105,1833,10,NaN,NaN,NaN,NaN,NaN,NaN,NaN,NaN,NaN,NaN
106,1833,11,NaN,NaN,NaN,NaN,NaN,NaN,NaN,NaN,NaN,NaN
107,1833,12,NaN,NaN,NaN,NaN,NaN,NaN,NaN,NaN,NaN,NaN
108,1834,1,NaN,NaN,NaN,NaN,NaN,NaN,NaN,NaN,NaN,NaN
109,1834,2,NaN,NaN,NaN,NaN,NaN,NaN,NaN,NaN,NaN,NaN
110,1834,3,NaN,NaN,NaN,NaN,NaN,NaN,NaN,NaN,NaN,NaN
111,1834,4,NaN,NaN,NaN,NaN,NaN,NaN,NaN,NaN,NaN,NaN
112,1834,5,NaN,NaN,NaN,NaN,NaN,NaN,NaN,NaN,NaN,NaN
113,1834,6,NaN,NaN,NaN,NaN,NaN,NaN,NaN,NaN,NaN,NaN
114,1834,7,NaN,NaN,NaN,NaN,NaN,NaN,NaN,NaN,NaN,NaN
115,1834,8,NaN,NaN,NaN,NaN,NaN,NaN,NaN,NaN,NaN,NaN
116,1834,9,NaN,NaN,NaN,NaN,NaN,NaN,NaN,NaN,NaN,NaN
117,1834,10,NaN,NaN,NaN,NaN,NaN,NaN,NaN,NaN,NaN,NaN
118,1834,11,NaN,NaN,NaN,NaN,NaN,NaN,NaN,NaN,NaN,NaN
119,1834,12,NaN,NaN,NaN,NaN,NaN,NaN,NaN,NaN,NaN,NaN
120,1835,1,NaN,NaN,NaN,NaN,NaN,NaN,NaN,NaN,NaN,NaN
121,1835,2,NaN,NaN,NaN,NaN,NaN,NaN,NaN,NaN,NaN,NaN
122,1835,3,NaN,NaN,NaN,NaN,NaN,NaN,NaN,NaN,NaN,NaN
123,1835,4,NaN,NaN,NaN,NaN,NaN,NaN,NaN,NaN,NaN,NaN
124,1835,5,NaN,NaN,NaN,NaN,NaN,NaN,NaN,NaN,NaN,NaN
125,1835,6,NaN,NaN,NaN,NaN,NaN,NaN,NaN,NaN,NaN,NaN
126,1835,7,NaN,NaN,NaN,NaN,NaN,NaN,NaN,NaN,NaN,NaN
127,1835,8,NaN,NaN,NaN,NaN,NaN,NaN,NaN,NaN,NaN,NaN
128,1835,9,NaN,NaN,NaN,NaN,NaN,NaN,NaN,NaN,NaN,NaN
129,1835,10,NaN,NaN,NaN,NaN,NaN,NaN,NaN,NaN,NaN,NaN
130,1835,11,NaN,NaN,NaN,NaN,NaN,NaN,NaN,NaN,NaN,NaN
131,1835,12,NaN,NaN,NaN,NaN,NaN,NaN,NaN,NaN,NaN,NaN
132,1836,1,NaN,NaN,NaN,NaN,NaN,NaN,NaN,NaN,NaN,NaN
133,1836,2,NaN,NaN,NaN,NaN,NaN,NaN,NaN,NaN,NaN,NaN
134,1836,3,NaN,NaN,NaN,NaN,NaN,NaN,NaN,NaN,NaN,NaN
135,1836,4,NaN,NaN,NaN,NaN,NaN,NaN,NaN,NaN,NaN,NaN
136,1836,5,NaN,NaN,NaN,NaN,NaN,NaN,NaN,NaN,NaN,NaN
137,1836,6,NaN,NaN,NaN,NaN,NaN,NaN,NaN,NaN,NaN,NaN
138,1836,7,NaN,NaN,NaN,NaN,NaN,NaN,NaN,NaN,NaN,NaN
139,1836,8,NaN,NaN,NaN,NaN,NaN,NaN,NaN,NaN,NaN,NaN
140,1836,9,NaN,NaN,NaN,NaN,NaN,NaN,NaN,NaN,NaN,NaN
141,1836,10,NaN,NaN,NaN,NaN,NaN,NaN,NaN,NaN,NaN,NaN
142,1836,11,NaN,NaN,NaN,NaN,NaN,NaN,NaN,NaN,NaN,NaN
143,1836,12,NaN,NaN,NaN,NaN,NaN,NaN,NaN,NaN,NaN,NaN
144,1837,1,NaN,NaN,NaN,NaN,NaN,NaN,NaN,NaN,NaN,NaN
145,1837,2,NaN,NaN,NaN,NaN,NaN,NaN,NaN,NaN,NaN,NaN
146,1837,3,NaN,NaN,NaN,NaN,NaN,NaN,NaN,NaN,NaN,NaN
147,1837,4,NaN,NaN,NaN,NaN,NaN,NaN,NaN,NaN,NaN,NaN
148,1837,5,NaN,NaN,NaN,NaN,NaN,NaN,NaN,NaN,NaN,NaN
149,1837,6,NaN,NaN,NaN,NaN,NaN,NaN,NaN,NaN,NaN,NaN
150,1837,7,NaN,NaN,NaN,NaN,NaN,NaN,NaN,NaN,NaN,NaN
151,1837,8,NaN,NaN,NaN,NaN,NaN,NaN,NaN,NaN,NaN,NaN
152,1837,9,NaN,NaN,NaN,NaN,NaN,NaN,NaN,NaN,NaN,NaN
153,1837,10,NaN,NaN,NaN,NaN,NaN,NaN,NaN,NaN,NaN,NaN
154,1837,11,NaN,NaN,NaN,NaN,NaN,NaN,NaN,NaN,NaN,NaN
155,1837,12,NaN,NaN,NaN,NaN,NaN,NaN,NaN,NaN,NaN,NaN
156,1838,1,NaN,NaN,NaN,NaN,NaN,NaN,NaN,NaN,NaN,NaN
157,1838,2,NaN,NaN,NaN,NaN,NaN,NaN,NaN,NaN,NaN,NaN
158,1838,3,NaN,NaN,NaN,NaN,NaN,NaN,NaN,NaN,NaN,NaN
159,1838,4,NaN,NaN,NaN,NaN,NaN,NaN,NaN,NaN,NaN,NaN
160,1838,5,NaN,NaN,NaN,NaN,NaN,NaN,NaN,NaN,NaN,NaN
161,1838,6,NaN,NaN,NaN,NaN,NaN,NaN,NaN,NaN,NaN,NaN
162,1838,7,NaN,NaN,NaN,NaN,NaN,NaN,NaN,NaN,NaN,NaN
163,1838,8,NaN,NaN,NaN,NaN,NaN,NaN,NaN,NaN,NaN,NaN
164,1838,9,NaN,NaN,NaN,NaN,NaN,NaN,NaN,NaN,NaN,NaN
165,1838,10,NaN,NaN,NaN,NaN,NaN,NaN,NaN,NaN,NaN,NaN
166,1838,11,NaN,NaN,NaN,NaN,NaN,NaN,NaN,NaN,NaN,NaN
167,1838,12,NaN,NaN,NaN,NaN,NaN,NaN,NaN,NaN,NaN,NaN
168,1839,1,NaN,NaN,NaN,NaN,NaN,NaN,NaN,NaN,NaN,NaN
169,1839,2,NaN,NaN,NaN,NaN,NaN,NaN,NaN,NaN,NaN,NaN
170,1839,3,NaN,NaN,NaN,NaN,NaN,NaN,NaN,NaN,NaN,NaN
171,1839,4,-1.048,1.099,NaN,NaN,NaN,NaN,NaN,NaN,NaN,NaN
172,1839,5,-1.204,0.739,NaN,NaN,NaN,NaN,NaN,NaN,NaN,NaN
173,1839,6,-0.798,0.745,-1.104,0.884,NaN,NaN,NaN,NaN,NaN,NaN
174,1839,7,-0.497,1.372,-1.140,0.921,NaN,NaN,NaN,NaN,NaN,NaN
175,1839,8,-1.018,2.619,-1.280,0.856,NaN,NaN,NaN,NaN,NaN,NaN
176,1839,9,-1.314,0.936,-1.160,0.814,NaN,NaN,NaN,NaN,NaN,NaN
177,1839,10,-1.107,1.024,-1.154,0.784,NaN,NaN,NaN,NaN,NaN,NaN
178,1839,11,-1.829,1.518,-1.095,0.768,NaN,NaN,NaN,NaN,NaN,NaN
179,1839,12,-1.584,2.161,-1.072,0.774,NaN,NaN,NaN,NaN,NaN,NaN
180,1840,1,-0.707,2.304,NaN,NaN,NaN,NaN,NaN,NaN,NaN,NaN
181,1840,2,-1.416,1.781,NaN,NaN,NaN,NaN,NaN,NaN,NaN,NaN
182,1840,3,-1.395,2.080,NaN,NaN,NaN,NaN,NaN,NaN,NaN,NaN
183,1840,4,NaN,NaN,NaN,NaN,NaN,NaN,NaN,NaN,NaN,NaN
184,1840,5,NaN,NaN,NaN,NaN,NaN,NaN,NaN,NaN,NaN,NaN
185,1840,6,NaN,NaN,NaN,NaN,NaN,NaN,NaN,NaN,NaN,NaN
186,1840,7,NaN,NaN,NaN,NaN,NaN,NaN,NaN,NaN,NaN,NaN
187,1840,8,NaN,NaN,NaN,NaN,NaN,NaN,NaN,NaN,NaN,NaN
188,1840,9,NaN,NaN,NaN,NaN,NaN,NaN,NaN,NaN,NaN,NaN
189,1840,10,NaN,NaN,NaN,NaN,NaN,NaN,NaN,NaN,NaN,NaN
190,1840,11,-0.845,2.745,NaN,NaN,NaN,NaN,NaN,NaN,NaN,NaN
191,1840,12,NaN,NaN,NaN,NaN,NaN,NaN,NaN,NaN,NaN,NaN
192,1841,1,-1.734,1.970,NaN,NaN,NaN,NaN,NaN,NaN,NaN,NaN
193,1841,2,-0.932,2.208,NaN,NaN,NaN,NaN,NaN,NaN,NaN,NaN
194,1841,3,NaN,NaN,NaN,NaN,NaN,NaN,NaN,NaN,NaN,NaN
195,1841,4,NaN,NaN,NaN,NaN,NaN,NaN,NaN,NaN,NaN,NaN
196,1841,5,NaN,NaN,NaN,NaN,NaN,NaN,NaN,NaN,NaN,NaN
197,1841,6,NaN,NaN,NaN,NaN,NaN,NaN,NaN,NaN,NaN,NaN
198,1841,7,NaN,NaN,NaN,NaN,NaN,NaN,NaN,NaN,NaN,NaN
199,1841,8,NaN,NaN,NaN,NaN,NaN,NaN,NaN,NaN,NaN,NaN
200,1841,9,NaN,NaN,NaN,NaN,NaN,NaN,NaN,NaN,NaN,NaN
201,1841,10,NaN,NaN,NaN,NaN,NaN,NaN,NaN,NaN,NaN,NaN
202,1841,11,NaN,NaN,NaN,NaN,NaN,NaN,NaN,NaN,NaN,NaN
203,1841,12,NaN,NaN,NaN,NaN,NaN,NaN,NaN,NaN,NaN,NaN
204,1842,1,NaN,NaN,NaN,NaN,NaN,NaN,NaN,NaN,NaN,NaN
205,1842,2,NaN,NaN,NaN,NaN,NaN,NaN,NaN,NaN,NaN,NaN
206,1842,3,NaN,NaN,NaN,NaN,NaN,NaN,NaN,NaN,NaN,NaN
207,1842,4,NaN,NaN,NaN,NaN,NaN,NaN,NaN,NaN,NaN,NaN
208,1842,5,NaN,NaN,NaN,NaN,NaN,NaN,NaN,NaN,NaN,NaN
209,1842,6,NaN,NaN,NaN,NaN,NaN,NaN,NaN,NaN,NaN,NaN
210,1842,7,NaN,NaN,NaN,NaN,NaN,NaN,NaN,NaN,NaN,NaN
211,1842,8,NaN,NaN,NaN,NaN,NaN,NaN,NaN,NaN,NaN,NaN
212,1842,9,NaN,NaN,NaN,NaN,NaN,NaN,NaN,NaN,NaN,NaN
213,1842,10,NaN,NaN,NaN,NaN,NaN,NaN,NaN,NaN,NaN,NaN
214,1842,11,NaN,NaN,NaN,NaN,NaN,NaN,NaN,NaN,NaN,NaN
215,1842,12,NaN,NaN,NaN,NaN,NaN,NaN,NaN,NaN,NaN,NaN
216,1843,1,NaN,NaN,NaN,NaN,NaN,NaN,NaN,NaN,NaN,NaN
217,1843,2,NaN,NaN,NaN,NaN,NaN,NaN,NaN,NaN,NaN,NaN
218,1843,3,NaN,NaN,NaN,NaN,NaN,NaN,NaN,NaN,NaN,NaN
219,1843,4,NaN,NaN,NaN,NaN,NaN,NaN,NaN,NaN,NaN,NaN
220,1843,5,NaN,NaN,NaN,NaN,NaN,NaN,NaN,NaN,NaN,NaN
221,1843,6,NaN,NaN,NaN,NaN,NaN,NaN,NaN,NaN,NaN,NaN
222,1843,7,NaN,NaN,NaN,NaN,NaN,NaN,NaN,NaN,NaN,NaN
223,1843,8,NaN,NaN,NaN,NaN,NaN,NaN,NaN,NaN,NaN,NaN
224,1843,9,NaN,NaN,NaN,NaN,NaN,NaN,NaN,NaN,NaN,NaN
225,1843,10,NaN,NaN,NaN,NaN,NaN,NaN,NaN,NaN,NaN,NaN
226,1843,11,NaN,NaN,NaN,NaN,NaN,NaN,NaN,NaN,NaN,NaN
227,1843,12,NaN,NaN,NaN,NaN,NaN,NaN,NaN,NaN,NaN,NaN
228,1844,1,NaN,NaN,NaN,NaN,NaN,NaN,NaN,NaN,NaN,NaN
229,1844,2,NaN,NaN,NaN,NaN,NaN,NaN,NaN,NaN,NaN,NaN
230,1844,3,NaN,NaN,NaN,NaN,NaN,NaN,NaN,NaN,NaN,NaN
231,1844,4,NaN,NaN,NaN,NaN,NaN,NaN,NaN,NaN,NaN,NaN
232,1844,5,NaN,NaN,NaN,NaN,NaN,NaN,NaN,NaN,NaN,NaN
233,1844,6,NaN,NaN,NaN,NaN,NaN,NaN,NaN,NaN,NaN,NaN
234,1844,7,NaN,NaN,NaN,NaN,NaN,NaN,NaN,NaN,NaN,NaN
235,1844,8,NaN,NaN,NaN,NaN,NaN,NaN,NaN,NaN,NaN,NaN
236,1844,9,NaN,NaN,NaN,NaN,NaN,NaN,NaN,NaN,NaN,NaN
237,1844,10,NaN,NaN,NaN,NaN,NaN,NaN,NaN,NaN,NaN,NaN
238,1844,11,NaN,NaN,NaN,NaN,NaN,NaN,NaN,NaN,NaN,NaN
239,1844,12,NaN,NaN,NaN,NaN,NaN,NaN,NaN,NaN,NaN,NaN
240,1845,1,NaN,NaN,NaN,NaN,NaN,NaN,NaN,NaN,NaN,NaN
241,1845,2,NaN,NaN,NaN,NaN,NaN,NaN,NaN,NaN,NaN,NaN
242,1845,3,NaN,NaN,NaN,NaN,NaN,NaN,NaN,NaN,NaN,NaN
243,1845,4,NaN,NaN,NaN,NaN,NaN,NaN,NaN,NaN,NaN,NaN
244,1845,5,NaN,NaN,NaN,NaN,NaN,NaN,NaN,NaN,NaN,NaN
245,1845,6,NaN,NaN,NaN,NaN,NaN,NaN,NaN,NaN,NaN,NaN
246,1845,7,NaN,NaN,NaN,NaN,NaN,NaN,NaN,NaN,NaN,NaN
247,1845,8,NaN,NaN,NaN,NaN,NaN,NaN,NaN,NaN,NaN,NaN
248,1845,9,NaN,NaN,NaN,NaN,NaN,NaN,NaN,NaN,NaN,NaN
249,1845,10,NaN,NaN,NaN,NaN,NaN,NaN,NaN,NaN,NaN,NaN
250,1845,11,NaN,NaN,NaN,NaN,NaN,NaN,NaN,NaN,NaN,NaN
251,1845,12,NaN,NaN,NaN,NaN,NaN,NaN,NaN,NaN,NaN,NaN
252,1846,1,NaN,NaN,NaN,NaN,NaN,NaN,NaN,NaN,NaN,NaN
253,1846,2,NaN,NaN,NaN,NaN,NaN,NaN,NaN,NaN,NaN,NaN
254,1846,3,NaN,NaN,NaN,NaN,NaN,NaN,NaN,NaN,NaN,NaN
255,1846,4,NaN,NaN,NaN,NaN,NaN,NaN,NaN,NaN,NaN,NaN
256,1846,5,NaN,NaN,NaN,NaN,NaN,NaN,NaN,NaN,NaN,NaN
257,1846,6,NaN,NaN,NaN,NaN,NaN,NaN,NaN,NaN,NaN,NaN
258,1846,7,NaN,NaN,NaN,NaN,NaN,NaN,NaN,NaN,NaN,NaN
259,1846,8,NaN,NaN,NaN,NaN,NaN,NaN,NaN,NaN,NaN,NaN
260,1846,9,NaN,NaN,NaN,NaN,NaN,NaN,NaN,NaN,NaN,NaN
261,1846,10,NaN,NaN,NaN,NaN,NaN,NaN,NaN,NaN,NaN,NaN
262,1846,11,NaN,NaN,NaN,NaN,NaN,NaN,NaN,NaN,NaN,NaN
263,1846,12,NaN,NaN,NaN,NaN,NaN,NaN,NaN,NaN,NaN,NaN
264,1847,1,NaN,NaN,NaN,NaN,NaN,NaN,NaN,NaN,NaN,NaN
265,1847,2,NaN,NaN,NaN,NaN,NaN,NaN,NaN,NaN,NaN,NaN
266,1847,3,NaN,NaN,NaN,NaN,NaN,NaN,NaN,NaN,NaN,NaN
267,1847,4,NaN,NaN,NaN,NaN,NaN,NaN,NaN,NaN,NaN,NaN
268,1847,5,NaN,NaN,NaN,NaN,NaN,NaN,NaN,NaN,NaN,NaN
269,1847,6,NaN,NaN,NaN,NaN,NaN,NaN,NaN,NaN,NaN,NaN
270,1847,7,NaN,NaN,NaN,NaN,NaN,NaN,NaN,NaN,NaN,NaN
271,1847,8,NaN,NaN,NaN,NaN,NaN,NaN,NaN,NaN,NaN,NaN
272,1847,9,NaN,NaN,NaN,NaN,NaN,NaN,NaN,NaN,NaN,NaN
273,1847,10,NaN,NaN,NaN,NaN,NaN,NaN,NaN,NaN,NaN,NaN
274,1847,11,NaN,NaN,NaN,NaN,NaN,NaN,NaN,NaN,NaN,NaN
275,1847,12,NaN,NaN,NaN,NaN,NaN,NaN,NaN,NaN,NaN,NaN
276,1848,1,NaN,NaN,NaN,NaN,NaN,NaN,NaN,NaN,NaN,NaN
277,1848,2,NaN,NaN,NaN,NaN,NaN,NaN,NaN,NaN,NaN,NaN
278,1848,3,NaN,NaN,NaN,NaN,NaN,NaN,NaN,NaN,NaN,NaN
279,1848,4,NaN,NaN,NaN,NaN,NaN,NaN,NaN,NaN,NaN,NaN
280,1848,5,NaN,NaN,NaN,NaN,NaN,NaN,NaN,NaN,NaN,NaN
281,1848,6,NaN,NaN,NaN,NaN,NaN,NaN,NaN,NaN,NaN,NaN
282,1848,7,NaN,NaN,NaN,NaN,NaN,NaN,NaN,NaN,NaN,NaN
283,1848,8,NaN,NaN,NaN,NaN,NaN,NaN,NaN,NaN,NaN,NaN
284,1848,9,NaN,NaN,NaN,NaN,NaN,NaN,NaN,NaN,NaN,NaN
285,1848,10,NaN,NaN,NaN,NaN,NaN,NaN,NaN,NaN,NaN,NaN
286,1848,11,NaN,NaN,NaN,NaN,NaN,NaN,NaN,NaN,NaN,NaN
287,1848,12,NaN,NaN,NaN,NaN,NaN,NaN,NaN,NaN,NaN,NaN
288,1849,1,NaN,NaN,NaN,NaN,NaN,NaN,NaN,NaN,NaN,NaN
289,1849,2,NaN,NaN,NaN,NaN,NaN,NaN,NaN,NaN,NaN,NaN
290,1849,3,NaN,NaN,NaN,NaN,NaN,NaN,NaN,NaN,NaN,NaN
291,1849,4,NaN,NaN,NaN,NaN,NaN,NaN,NaN,NaN,NaN,NaN
292,1849,5,NaN,NaN,NaN,NaN,NaN,NaN,NaN,NaN,NaN,NaN
293,1849,6,NaN,NaN,NaN,NaN,NaN,NaN,NaN,NaN,NaN,NaN
294,1849,7,NaN,NaN,NaN,NaN,NaN,NaN,NaN,NaN,NaN,NaN
295,1849,8,NaN,NaN,NaN,NaN,NaN,NaN,NaN,NaN,NaN,NaN
296,1849,9,NaN,NaN,NaN,NaN,NaN,NaN,NaN,NaN,NaN,NaN
297,1849,10,NaN,NaN,NaN,NaN,NaN,NaN,NaN,NaN,NaN,NaN
298,1849,11,NaN,NaN,NaN,NaN,NaN,NaN,NaN,NaN,NaN,NaN
299,1849,12,NaN,NaN,NaN,NaN,NaN,NaN,NaN,NaN,NaN,NaN
300,1850,1,-1.287,1.495,NaN,NaN,NaN,NaN,NaN,NaN,NaN,NaN
301,1850,2,-0.562,2.319,NaN,NaN,NaN,NaN,NaN,NaN,NaN,NaN
302,1850,3,-0.788,1.805,-0.823,0.613,NaN,NaN,NaN,NaN,NaN,NaN
303,1850,4,-0.939,1.087,-0.854,0.534,NaN,NaN,NaN,NaN,NaN,NaN
304,1850,5,-1.004,1.467,-0.918,0.436,NaN,NaN,NaN,NaN,NaN,NaN
305,1850,6,-0.522,0.711,-0.843,0.433,NaN,NaN,NaN,NaN,NaN,NaN
306,1850,7,-0.056,0.887,-0.774,0.431,NaN,NaN,NaN,NaN,NaN,NaN
307,1850,8,-0.536,1.349,-0.788,0.396,NaN,NaN,NaN,NaN,NaN,NaN
308,1850,9,-1.003,0.695,-0.821,0.395,NaN,NaN,NaN,NaN,NaN,NaN
309,1850,10,-1.037,1.124,-0.826,0.402,NaN,NaN,NaN,NaN,NaN,NaN
310,1850,11,-1.332,1.204,-0.804,0.419,NaN,NaN,NaN,NaN,NaN,NaN
311,1850,12,-1.055,0.943,-0.798,0.446,NaN,NaN,NaN,NaN,NaN,NaN
312,1851,1,-0.455,1.012,-0.826,0.432,NaN,NaN,NaN,NaN,NaN,NaN
313,1851,2,-0.722,1.083,-0.842,0.413,NaN,NaN,NaN,NaN,NaN,NaN
314,1851,3,-1.190,1.153,-0.828,0.459,NaN,NaN,NaN,NaN,NaN,NaN
315,1851,4,-0.998,0.924,-0.801,0.516,NaN,NaN,NaN,NaN,NaN,NaN
316,1851,5,-0.743,1.275,-0.810,0.623,NaN,NaN,NaN,NaN,NaN,NaN
317,1851,6,-0.452,1.041,-0.784,0.751,-0.838,0.524,NaN,NaN,NaN,NaN
318,1851,7,-0.384,1.061,-0.836,0.819,-0.834,0.497,NaN,NaN,NaN,NaN
319,1851,8,-0.727,0.733,-0.864,0.798,-0.844,0.481,NaN,NaN,NaN,NaN
320,1851,9,-0.836,1.035,-0.877,0.912,-0.851,0.480,NaN,NaN,NaN,NaN
321,1851,10,-0.720,1.146,-0.870,0.909,-0.845,0.490,NaN,NaN,NaN,NaN
322,1851,11,-1.441,1.294,-0.865,0.894,-0.844,0.486,NaN,NaN,NaN,NaN
323,1851,12,-0.741,2.065,-0.861,0.871,-0.845,0.479,NaN,NaN,NaN,NaN
324,1852,1,-1.072,1.989,-0.856,0.868,-0.841,0.470,NaN,NaN,NaN,NaN
325,1852,2,-1.069,0.831,-0.869,0.845,-0.842,0.461,NaN,NaN,NaN,NaN
326,1852,3,-1.344,1.593,-0.847,0.827,-0.836,0.455,NaN,NaN,NaN,NaN
327,1852,4,-0.908,0.651,-0.875,0.784,-0.837,0.452,NaN,NaN,NaN,NaN
328,1852,5,-0.683,1.065,-0.869,0.735,-0.847,0.451,NaN,NaN,NaN,NaN
329,1852,6,-0.409,1.006,-0.890,0.640,-0.833,0.461,NaN,NaN,NaN,NaN
330,1852,7,-0.317,0.923,-0.879,0.670,-0.816,0.485,NaN,NaN,NaN,NaN
331,1852,8,-0.886,0.576,-0.868,0.596,-0.829,0.450,NaN,NaN,NaN,NaN
332,1852,9,-0.572,0.902,-0.841,0.537,-0.832,0.439,NaN,NaN,NaN,NaN
333,1852,10,-1.055,1.013,-0.832,0.526,-0.824,0.462,NaN,NaN,NaN,NaN
334,1852,11,-1.375,1.384,-0.829,0.524,-0.812,0.482,NaN,NaN,NaN,NaN
335,1852,12,-0.985,1.896,-0.843,0.526,-0.811,0.476,NaN,NaN,NaN,NaN
336,1853,1,-0.941,2.222,-0.847,0.487,-0.818,0.461,NaN,NaN,NaN,NaN
337,1853,2,-0.942,1.454,-0.819,0.501,-0.816,0.446,NaN,NaN,NaN,NaN
338,1853,3,-1.013,1.143,-0.828,0.501,-0.807,0.436,NaN,NaN,NaN,NaN
339,1853,4,-0.806,0.594,-0.818,0.515,-0.822,0.455,NaN,NaN,NaN,NaN
340,1853,5,-0.646,0.850,-0.839,0.503,-0.818,0.457,NaN,NaN,NaN,NaN
341,1853,6,-0.577,1.066,-0.786,0.494,-0.825,0.446,NaN,NaN,NaN,NaN
342,1853,7,-0.366,1.182,-0.756,0.409,-0.820,0.437,NaN,NaN,NaN,NaN
343,1853,8,-0.547,1.076,-0.796,0.392,-0.818,0.416,NaN,NaN,NaN,NaN
344,1853,9,NaN,NaN,NaN,NaN,-0.810,0.424,NaN,NaN,NaN,NaN
345,1853,10,NaN,NaN,NaN,NaN,-0.808,0.427,NaN,NaN,NaN,NaN
346,1853,11,NaN,NaN,NaN,NaN,-0.812,0.409,NaN,NaN,NaN,NaN
347,1853,12,-0.342,1.530,NaN,NaN,-0.797,0.400,NaN,NaN,NaN,NaN
348,1854,1,-0.585,2.285,NaN,NaN,-0.793,0.394,NaN,NaN,NaN,NaN
349,1854,2,-1.424,0.572,NaN,NaN,-0.786,0.387,NaN,NaN,NaN,NaN
350,1854,3,NaN,NaN,-0.852,0.372,-0.789,0.374,NaN,NaN,NaN,NaN
351,1854,4,-0.991,1.108,-0.835,0.405,-0.798,0.364,NaN,NaN,NaN,NaN
352,1854,5,-1.476,2.046,-0.796,0.449,-0.791,0.346,NaN,NaN,NaN,NaN
353,1854,6,-0.649,0.738,-0.863,0.680,-0.800,0.338,NaN,NaN,NaN,NaN
354,1854,7,0.046,0.850,-0.835,0.948,-0.796,0.323,NaN,NaN,NaN,NaN
355,1854,8,-0.699,0.909,-0.830,1.125,-0.796,0.318,NaN,NaN,NaN,NaN
356,1854,9,-0.825,0.737,-0.851,1.157,-0.792,0.324,NaN,NaN,NaN,NaN
357,1854,10,-0.739,2.085,-0.807,1.194,-0.804,0.330,NaN,NaN,NaN,NaN
358,1854,11,-1.155,1.648,-0.708,1.048,-0.822,0.326,NaN,NaN,NaN,NaN
359,1854,12,-1.141,2.965,-0.693,1.055,-0.833,0.323,NaN,NaN,NaN,NaN
360,1855,1,-0.250,1.929,-0.732,1.021,-0.837,0.324,NaN,NaN,NaN,NaN
361,1855,2,-1.361,2.836,-0.708,0.966,-0.837,0.329,NaN,NaN,NaN,NaN
362,1855,3,-0.977,0.906,-0.682,0.870,-0.846,0.337,NaN,NaN,NaN,NaN
363,1855,4,-0.463,1.625,-0.783,0.851,-0.850,0.338,NaN,NaN,NaN,NaN
364,1855,5,-0.287,0.911,-0.772,0.707,-0.844,0.346,NaN,NaN,NaN,NaN
365,1855,6,-0.459,0.617,-0.803,0.471,NaN,NaN,NaN,NaN,NaN,NaN
366,1855,7,-0.424,0.780,-0.794,0.419,NaN,NaN,NaN,NaN,NaN,NaN
367,1855,8,-0.418,0.643,-0.731,0.333,NaN,NaN,NaN,NaN,NaN,NaN
368,1855,9,-0.515,1.127,-0.708,0.372,NaN,NaN,NaN,NaN,NaN,NaN
369,1855,10,-1.941,1.751,-0.742,0.401,NaN,NaN,NaN,NaN,NaN,NaN
370,1855,11,-1.034,0.725,-0.800,0.407,NaN,NaN,NaN,NaN,NaN,NaN
371,1855,12,-1.503,1.472,-0.724,0.409,NaN,NaN,NaN,NaN,NaN,NaN
372,1856,1,-0.141,0.698,-0.703,0.374,NaN,NaN,NaN,NaN,NaN,NaN
373,1856,2,-0.605,1.856,-0.696,0.465,NaN,NaN,NaN,NaN,NaN,NaN
374,1856,3,-0.705,0.905,-0.737,0.478,NaN,NaN,NaN,NaN,NaN,NaN
375,1856,4,-0.874,0.995,-0.680,0.603,NaN,NaN,NaN,NaN,NaN,NaN
376,1856,5,-0.978,0.742,-0.676,0.594,NaN,NaN,NaN,NaN,NaN,NaN
377,1856,6,0.443,1.506,-0.658,0.472,NaN,NaN,NaN,NaN,NaN,NaN
378,1856,7,-0.172,0.597,-0.718,0.511,NaN,NaN,NaN,NaN,NaN,NaN
379,1856,8,-0.326,1.919,-0.757,0.455,NaN,NaN,NaN,NaN,NaN,NaN
380,1856,9,-1.015,1.149,-0.789,0.450,NaN,NaN,NaN,NaN,NaN,NaN
381,1856,10,-1.253,0.647,NaN,NaN,NaN,NaN,NaN,NaN,NaN,NaN
382,1856,11,-0.983,0.704,NaN,NaN,NaN,NaN,NaN,NaN,NaN,NaN
383,1856,12,-1.287,1.914,NaN,NaN,NaN,NaN,NaN,NaN,NaN,NaN
384,1857,1,NaN,NaN,NaN,NaN,NaN,NaN,NaN,NaN,NaN,NaN
385,1857,2,NaN,NaN,NaN,NaN,NaN,NaN,NaN,NaN,NaN,NaN
386,1857,3,NaN,NaN,NaN,NaN,NaN,NaN,NaN,NaN,NaN,NaN
387,1857,4,NaN,NaN,NaN,NaN,NaN,NaN,NaN,NaN,NaN,NaN
388,1857,5,NaN,NaN,NaN,NaN,NaN,NaN,NaN,NaN,NaN,NaN
389,1857,6,NaN,NaN,NaN,NaN,NaN,NaN,NaN,NaN,NaN,NaN
390,1857,7,NaN,NaN,NaN,NaN,NaN,NaN,NaN,NaN,NaN,NaN
391,1857,8,NaN,NaN,NaN,NaN,NaN,NaN,NaN,NaN,NaN,NaN
392,1857,9,NaN,NaN,NaN,NaN,NaN,NaN,NaN,NaN,NaN,NaN
393,1857,10,NaN,NaN,NaN,NaN,NaN,NaN,NaN,NaN,NaN,NaN
394,1857,11,NaN,NaN,NaN,NaN,NaN,NaN,NaN,NaN,NaN,NaN
395,1857,12,NaN,NaN,NaN,NaN,NaN,NaN,NaN,NaN,NaN,NaN
396,1858,1,NaN,NaN,NaN,NaN,NaN,NaN,NaN,NaN,NaN,NaN
397,1858,2,NaN,NaN,NaN,NaN,NaN,NaN,NaN,NaN,NaN,NaN
398,1858,3,NaN,NaN,NaN,NaN,NaN,NaN,NaN,NaN,NaN,NaN
399,1858,4,NaN,NaN,NaN,NaN,NaN,NaN,NaN,NaN,NaN,NaN
400,1858,5,NaN,NaN,NaN,NaN,NaN,NaN,NaN,NaN,NaN,NaN
401,1858,6,NaN,NaN,NaN,NaN,NaN,NaN,NaN,NaN,NaN,NaN
402,1858,7,NaN,NaN,NaN,NaN,NaN,NaN,NaN,NaN,NaN,NaN
403,1858,8,NaN,NaN,NaN,NaN,NaN,NaN,NaN,NaN,NaN,NaN
404,1858,9,NaN,NaN,NaN,NaN,NaN,NaN,NaN,NaN,NaN,NaN
405,1858,10,NaN,NaN,NaN,NaN,NaN,NaN,NaN,NaN,NaN,NaN
406,1858,11,NaN,NaN,NaN,NaN,NaN,NaN,NaN,NaN,NaN,NaN
407,1858,12,NaN,NaN,NaN,NaN,NaN,NaN,NaN,NaN,NaN,NaN
408,1859,1,NaN,NaN,NaN,NaN,NaN,NaN,NaN,NaN,NaN,NaN
409,1859,2,NaN,NaN,NaN,NaN,NaN,NaN,NaN,NaN,NaN,NaN
410,1859,3,NaN,NaN,NaN,NaN,NaN,NaN,NaN,NaN,NaN,NaN
411,1859,4,NaN,NaN,NaN,NaN,NaN,NaN,NaN,NaN,NaN,NaN
412,1859,5,NaN,NaN,NaN,NaN,NaN,NaN,NaN,NaN,NaN,NaN
413,1859,6,NaN,NaN,NaN,NaN,NaN,NaN,NaN,NaN,NaN,NaN
414,1859,7,NaN,NaN,NaN,NaN,NaN,NaN,NaN,NaN,NaN,NaN
415,1859,8,NaN,NaN,NaN,NaN,NaN,NaN,NaN,NaN,NaN,NaN
416,1859,9,NaN,NaN,NaN,NaN,NaN,NaN,NaN,NaN,NaN,NaN
417,1859,10,NaN,NaN,NaN,NaN,NaN,NaN,NaN,NaN,NaN,NaN
418,1859,11,NaN,NaN,NaN,NaN,NaN,NaN,NaN,NaN,NaN,NaN
419,1859,12,NaN,NaN,NaN,NaN,NaN,NaN,NaN,NaN,NaN,NaN
420,1860,1,NaN,NaN,NaN,NaN,NaN,NaN,NaN,NaN,NaN,NaN
421,1860,2,NaN,NaN,NaN,NaN,NaN,NaN,NaN,NaN,NaN,NaN
422,1860,3,NaN,NaN,NaN,NaN,NaN,NaN,NaN,NaN,NaN,NaN
423,1860,4,NaN,NaN,NaN,NaN,NaN,NaN,NaN,NaN,NaN,NaN
424,1860,5,NaN,NaN,NaN,NaN,NaN,NaN,NaN,NaN,NaN,NaN
425,1860,6,NaN,NaN,NaN,NaN,NaN,NaN,NaN,NaN,NaN,NaN
426,1860,7,NaN,NaN,NaN,NaN,NaN,NaN,NaN,NaN,NaN,NaN
427,1860,8,NaN,NaN,NaN,NaN,NaN,NaN,NaN,NaN,NaN,NaN
428,1860,9,NaN,NaN,NaN,NaN,NaN,NaN,NaN,NaN,NaN,NaN
429,1860,10,NaN,NaN,NaN,NaN,NaN,NaN,NaN,NaN,NaN,NaN
430,1860,11,NaN,NaN,NaN,NaN,NaN,NaN,NaN,NaN,NaN,NaN
431,1860,12,NaN,NaN,NaN,NaN,NaN,NaN,NaN,NaN,NaN,NaN
432,1861,1,NaN,NaN,NaN,NaN,NaN,NaN,NaN,NaN,NaN,NaN
433,1861,2,NaN,NaN,NaN,NaN,NaN,NaN,NaN,NaN,NaN,NaN
434,1861,3,NaN,NaN,NaN,NaN,NaN,NaN,NaN,NaN,NaN,NaN
435,1861,4,NaN,NaN,NaN,NaN,NaN,NaN,NaN,NaN,NaN,NaN
436,1861,5,NaN,NaN,NaN,NaN,NaN,NaN,NaN,NaN,NaN,NaN
437,1861,6,NaN,NaN,NaN,NaN,NaN,NaN,NaN,NaN,NaN,NaN
438,1861,7,NaN,NaN,NaN,NaN,NaN,NaN,NaN,NaN,NaN,NaN
439,1861,8,NaN,NaN,NaN,NaN,NaN,NaN,NaN,NaN,NaN,NaN
440,1861,9,NaN,NaN,NaN,NaN,NaN,NaN,NaN,NaN,NaN,NaN
441,1861,10,NaN,NaN,NaN,NaN,NaN,NaN,NaN,NaN,NaN,NaN
442,1861,11,NaN,NaN,NaN,NaN,NaN,NaN,NaN,NaN,NaN,NaN
443,1861,12,NaN,NaN,NaN,NaN,NaN,NaN,NaN,NaN,NaN,NaN
444,1862,1,NaN,NaN,NaN,NaN,NaN,NaN,NaN,NaN,NaN,NaN
445,1862,2,NaN,NaN,NaN,NaN,NaN,NaN,NaN,NaN,NaN,NaN
446,1862,3,NaN,NaN,NaN,NaN,NaN,NaN,NaN,NaN,NaN,NaN
447,1862,4,NaN,NaN,NaN,NaN,NaN,NaN,NaN,NaN,NaN,NaN
448,1862,5,NaN,NaN,NaN,NaN,NaN,NaN,NaN,NaN,NaN,NaN
449,1862,6,NaN,NaN,NaN,NaN,NaN,NaN,NaN,NaN,NaN,NaN
450,1862,7,NaN,NaN,NaN,NaN,NaN,NaN,NaN,NaN,NaN,NaN
451,1862,8,NaN,NaN,NaN,NaN,NaN,NaN,NaN,NaN,NaN,NaN
452,1862,9,NaN,NaN,NaN,NaN,NaN,NaN,NaN,NaN,NaN,NaN
453,1862,10,NaN,NaN,NaN,NaN,NaN,NaN,NaN,NaN,NaN,NaN
454,1862,11,NaN,NaN,NaN,NaN,NaN,NaN,NaN,NaN,NaN,NaN
455,1862,12,NaN,NaN,NaN,NaN,NaN,NaN,NaN,NaN,NaN,NaN
456,1863,1,NaN,NaN,NaN,NaN,NaN,NaN,NaN,NaN,NaN,NaN
457,1863,2,NaN,NaN,NaN,NaN,NaN,NaN,NaN,NaN,NaN,NaN
458,1863,3,NaN,NaN,NaN,NaN,NaN,NaN,NaN,NaN,NaN,NaN
459,1863,4,NaN,NaN,NaN,NaN,NaN,NaN,NaN,NaN,NaN,NaN
460,1863,5,NaN,NaN,NaN,NaN,NaN,NaN,NaN,NaN,NaN,NaN
461,1863,6,NaN,NaN,NaN,NaN,NaN,NaN,NaN,NaN,NaN,NaN
462,1863,7,NaN,NaN,NaN,NaN,NaN,NaN,NaN,NaN,NaN,NaN
463,1863,8,NaN,NaN,NaN,NaN,NaN,NaN,NaN,NaN,NaN,NaN
464,1863,9,NaN,NaN,NaN,NaN,NaN,NaN,NaN,NaN,NaN,NaN
465,1863,10,NaN,NaN,NaN,NaN,NaN,NaN,NaN,NaN,NaN,NaN
466,1863,11,NaN,NaN,NaN,NaN,NaN,NaN,NaN,NaN,NaN,NaN
467,1863,12,NaN,NaN,NaN,NaN,NaN,NaN,NaN,NaN,NaN,NaN
468,1864,1,NaN,NaN,NaN,NaN,NaN,NaN,NaN,NaN,NaN,NaN
469,1864,2,NaN,NaN,NaN,NaN,NaN,NaN,NaN,NaN,NaN,NaN
470,1864,3,NaN,NaN,NaN,NaN,NaN,NaN,NaN,NaN,NaN,NaN
471,1864,4,NaN,NaN,NaN,NaN,NaN,NaN,NaN,NaN,NaN,NaN
472,1864,5,NaN,NaN,NaN,NaN,NaN,NaN,NaN,NaN,NaN,NaN
473,1864,6,NaN,NaN,NaN,NaN,NaN,NaN,NaN,NaN,NaN,NaN
474,1864,7,NaN,NaN,NaN,NaN,NaN,NaN,NaN,NaN,NaN,NaN
475,1864,8,NaN,NaN,NaN,NaN,NaN,NaN,NaN,NaN,NaN,NaN
476,1864,9,NaN,NaN,NaN,NaN,NaN,NaN,NaN,NaN,NaN,NaN
477,1864,10,NaN,NaN,NaN,NaN,NaN,NaN,NaN,NaN,NaN,NaN
478,1864,11,NaN,NaN,NaN,NaN,NaN,NaN,NaN,NaN,NaN,NaN
479,1864,12,NaN,NaN,NaN,NaN,NaN,NaN,NaN,NaN,NaN,NaN
480,1865,1,NaN,NaN,NaN,NaN,NaN,NaN,NaN,NaN,NaN,NaN
481,1865,2,NaN,NaN,NaN,NaN,NaN,NaN,NaN,NaN,NaN,NaN
482,1865,3,NaN,NaN,NaN,NaN,NaN,NaN,NaN,NaN,NaN,NaN
483,1865,4,NaN,NaN,NaN,NaN,NaN,NaN,NaN,NaN,NaN,NaN
484,1865,5,NaN,NaN,NaN,NaN,NaN,NaN,NaN,NaN,NaN,NaN
485,1865,6,NaN,NaN,NaN,NaN,NaN,NaN,NaN,NaN,NaN,NaN
486,1865,7,NaN,NaN,NaN,NaN,NaN,NaN,NaN,NaN,NaN,NaN
487,1865,8,NaN,NaN,NaN,NaN,NaN,NaN,NaN,NaN,NaN,NaN
488,1865,9,NaN,NaN,NaN,NaN,NaN,NaN,NaN,NaN,NaN,NaN
489,1865,10,NaN,NaN,NaN,NaN,NaN,NaN,NaN,NaN,NaN,NaN
490,1865,11,NaN,NaN,NaN,NaN,NaN,NaN,NaN,NaN,NaN,NaN
491,1865,12,NaN,NaN,NaN,NaN,NaN,NaN,NaN,NaN,NaN,NaN
492,1866,1,-0.226,1.021,NaN,NaN,NaN,NaN,NaN,NaN,NaN,NaN
493,1866,2,-0.930,1.504,NaN,NaN,NaN,NaN,NaN,NaN,NaN,NaN
494,1866,3,-0.536,0.892,-0.406,0.473,NaN,NaN,NaN,NaN,NaN,NaN
495,1866,4,-0.415,1.132,-0.478,0.451,NaN,NaN,NaN,NaN,NaN,NaN
496,1866,5,-0.744,0.915,-0.534,0.398,NaN,NaN,NaN,NaN,NaN,NaN
497,1866,6,-0.177,0.768,-0.535,0.347,NaN,NaN,NaN,NaN,NaN,NaN
498,1866,7,-0.108,0.533,-0.594,0.339,NaN,NaN,NaN,NaN,NaN,NaN
499,1866,8,-0.313,0.795,-0.596,0.296,NaN,NaN,NaN,NaN,NaN,NaN
500,1866,9,-0.237,0.520,-0.617,0.301,NaN,NaN,NaN,NaN,NaN,NaN
501,1866,10,-0.992,0.796,-0.644,0.309,NaN,NaN,NaN,NaN,NaN,NaN
502,1866,11,-0.764,0.750,-0.602,0.306,NaN,NaN,NaN,NaN,NaN,NaN
503,1866,12,-0.978,0.722,-0.628,0.294,NaN,NaN,NaN,NaN,NaN,NaN
504,1867,1,-0.938,0.837,-0.620,0.304,NaN,NaN,NaN,NaN,NaN,NaN
505,1867,2,-0.945,0.922,-0.629,0.321,NaN,NaN,NaN,NaN,NaN,NaN
506,1867,3,-0.788,0.787,-0.651,0.295,-0.572,0.314,NaN,NaN,NaN,NaN
507,1867,4,-0.743,0.920,-0.630,0.312,-0.567,0.315,NaN,NaN,NaN,NaN
508,1867,5,-0.236,0.768,-0.609,0.361,-0.565,0.316,NaN,NaN,NaN,NaN
509,1867,6,-0.498,0.489,-0.632,0.418,-0.562,0.325,NaN,NaN,NaN,NaN
510,1867,7,-0.012,0.724,-0.639,0.380,-0.574,0.323,NaN,NaN,NaN,NaN
511,1867,8,-0.412,0.595,-0.649,0.436,-0.578,0.329,NaN,NaN,NaN,NaN
512,1867,9,-0.510,0.608,-0.670,0.451,-0.575,0.330,NaN,NaN,NaN,NaN
513,1867,10,-0.738,1.039,-0.667,0.462,-0.562,0.326,NaN,NaN,NaN,NaN
514,1867,11,-0.510,1.588,-0.701,0.472,-0.563,0.325,NaN,NaN,NaN,NaN
515,1867,12,-1.251,1.824,-0.647,0.501,-0.571,0.311,NaN,NaN,NaN,NaN
516,1868,1,-1.025,1.255,-0.649,0.479,-0.575,0.306,NaN,NaN,NaN,NaN
517,1868,2,-1.063,1.343,-0.625,0.480,-0.586,0.306,NaN,NaN,NaN,NaN
518,1868,3,-1.038,1.414,-0.609,0.527,-0.592,0.297,NaN,NaN,NaN,NaN
519,1868,4,-0.712,0.727,-0.563,0.537,-0.606,0.293,NaN,NaN,NaN,NaN
520,1868,5,-0.643,0.686,-0.579,0.564,-0.618,0.291,NaN,NaN,NaN,NaN
521,1868,6,0.153,0.753,-0.535,0.690,-0.626,0.299,-0.683,0.267,NaN,NaN
522,1868,7,-0.044,0.498,-0.518,0.655,-0.642,0.298,-0.678,0.265,NaN,NaN
523,1868,8,-0.118,0.536,-0.435,0.580,-0.642,0.299,-0.672,0.263,NaN,NaN
524,1868,9,-0.319,0.636,-0.364,0.640,-0.654,0.299,-0.661,0.264,NaN,NaN
525,1868,10,-0.190,0.905,-0.355,0.628,-0.656,0.286,-0.654,0.263,NaN,NaN
526,1868,11,-0.697,0.895,-0.340,0.634,-0.655,0.291,-0.647,0.263,NaN,NaN
527,1868,12,-0.719,1.598,-0.367,0.616,-0.663,0.289,-0.641,0.261,NaN,NaN
528,1869,1,-0.823,0.958,-0.368,0.586,-0.680,0.286,-0.636,0.260,NaN,NaN
529,1869,2,-0.075,2.790,-0.417,0.574,-0.685,0.284,-0.629,0.260,NaN,NaN
530,1869,3,-0.186,2.391,-0.414,0.545,-0.694,0.285,-0.620,0.267,NaN,NaN
531,1869,4,-0.603,0.872,-0.433,0.545,-0.693,0.284,-0.615,0.269,NaN,NaN
532,1869,5,-0.465,0.775,-0.471,0.564,-0.698,0.294,-0.613,0.278,NaN,NaN
533,1869,6,-0.171,1.271,-0.504,0.547,-0.703,0.303,-0.615,0.275,NaN,NaN
534,1869,7,-0.047,0.373,-0.526,0.471,-0.702,0.313,-0.621,0.270,NaN,NaN
535,1869,8,-0.707,1.708,-0.639,0.427,-0.710,0.316,-0.623,0.268,NaN,NaN
536,1869,9,-0.281,0.440,-0.709,0.345,-0.716,0.321,-0.623,0.263,NaN,NaN
537,1869,10,-0.422,0.455,-0.713,0.397,-0.704,0.324,-0.626,0.263,NaN,NaN
538,1869,11,-1.156,0.650,-0.738,0.427,-0.703,0.323,-0.624,0.265,NaN,NaN
539,1869,12,-1.107,1.074,-0.795,0.376,-0.696,0.329,-0.624,0.257,NaN,NaN
540,1870,1,-1.096,0.809,-0.820,0.385,-0.700,0.325,-0.630,0.263,NaN,NaN
541,1870,2,-1.423,1.218,-0.834,0.341,-0.701,0.325,-0.631,0.261,NaN,NaN
542,1870,3,-1.025,0.873,-0.882,0.344,-0.697,0.327,-0.633,0.257,NaN,NaN
543,1870,4,-0.658,0.805,-0.925,0.366,-0.692,0.334,-0.629,0.258,NaN,NaN
544,1870,5,-0.767,0.582,-0.897,0.446,-0.693,0.339,-0.636,0.254,NaN,NaN
545,1870,6,-0.847,1.271,-0.923,0.461,-0.686,0.350,-0.642,0.246,NaN,NaN
546,1870,7,-0.348,0.695,-0.935,0.485,-0.674,0.340,-0.647,0.244,NaN,NaN
547,1870,8,-0.873,0.584,-0.892,0.498,-0.672,0.328,-0.650,0.242,NaN,NaN
548,1870,9,-0.857,0.641,-0.910,0.497,-0.666,0.330,-0.650,0.243,NaN,NaN
549,1870,10,-0.946,0.862,-0.902,0.517,-0.668,0.330,-0.655,0.240,NaN,NaN
550,1870,11,-0.820,1.325,-0.893,0.546,-0.663,0.330,-0.662,0.242,NaN,NaN
551,1870,12,-1.419,0.925,-0.879,0.524,-0.664,0.330,-0.667,0.244,-0.673,0.235
552,1871,1,-1.234,0.890,-0.942,0.506,-0.661,0.334,-0.673,0.244,-0.668,0.231
553,1871,2,-0.907,1.334,-0.919,0.483,-0.661,0.336,-0.672,0.242,-0.663,0.229
554,1871,3,-1.241,0.843,-0.917,0.464,-0.653,0.343,-0.675,0.237,-0.661,0.227
555,1871,4,-0.560,1.158,-0.914,0.449,-0.658,0.345,-0.676,0.234,-0.659,0.223
556,1871,5,-0.666,0.924,-0.935,0.456,-0.652,0.348,-0.676,0.234,-0.656,0.221
557,1871,6,-0.672,0.557,-0.919,0.465,-0.650,0.349,-0.681,0.229,-0.653,0.221
558,1871,7,-1.104,1.162,-0.893,0.508,-0.645,0.350,-0.682,0.228,-0.652,0.219
559,1871,8,-0.607,0.980,-0.935,0.538,-0.652,0.323,-0.684,0.225,-0.651,0.217
560,1871,9,-0.827,0.663,-0.926,0.546,-0.651,0.324,-0.687,0.225,-0.647,0.215
561,1871,10,-0.908,0.595,-0.884,0.501,-0.646,0.324,-0.686,0.222,-0.641,0.216
562,1871,11,-1.072,0.888,-0.840,0.486,-0.642,0.338,-0.688,0.224,-0.640,0.217
563,1871,12,-1.235,0.722,-0.794,0.477,-0.647,0.339,-0.690,0.228,-0.635,0.219
564,1872,1,-0.913,1.359,-0.722,0.470,-0.661,0.336,-0.690,0.230,-0.625,0.216
565,1872,2,-1.416,0.834,-0.708,0.459,-0.664,0.343,-0.691,0.231,-0.619,0.216
566,1872,3,-1.128,0.914,-0.665,0.427,-0.674,0.335,-0.692,0.231,-0.615,0.215
567,1872,4,-0.066,0.857,-0.625,0.437,-0.684,0.335,-0.690,0.231,-0.611,0.211
568,1872,5,-0.129,1.127,-0.582,0.446,-0.684,0.343,-0.688,0.225,-0.612,0.209
569,1872,6,-0.128,0.502,-0.547,0.513,-0.687,0.331,-0.691,0.222,-0.611,0.209
570,1872,7,-0.237,0.614,-0.496,0.515,-0.686,0.338,-0.693,0.216,-0.609,0.208
571,1872,8,-0.438,0.528,-0.457,0.545,-0.684,0.321,-0.688,0.214,-0.608,0.205
572,1872,9,-0.313,0.470,-0.422,0.561,-0.692,0.314,-0.684,0.215,-0.606,0.204
573,1872,10,-0.430,0.690,-0.486,0.542,-0.697,0.307,-0.675,0.217,-0.605,0.203
574,1872,11,-0.554,0.949,-0.502,0.522,-0.710,0.302,-0.667,0.217,-0.603,0.204
575,1872,12,-0.817,1.490,-0.484,0.554,-0.713,0.296,-0.655,0.222,-0.597,0.204
576,1873,1,-0.299,1.159,-0.454,0.570,-0.718,0.295,-0.644,0.226,-0.599,0.200
577,1873,2,-0.945,1.030,-0.427,0.598,-0.715,0.294,-0.632,0.228,-0.601,0.196
578,1873,3,-0.708,1.139,-0.387,0.671,-0.707,0.293,-0.618,0.231,-0.600,0.194
579,1873,4,-0.837,0.838,-0.393,0.639,-0.705,0.288,-0.609,0.235,-0.602,0.193
580,1873,5,-0.314,0.741,-0.375,0.599,-0.706,0.284,-0.605,0.234,-0.603,0.191
581,1873,6,0.088,0.969,-0.358,0.544,-0.708,0.287,-0.608,0.231,-0.603,0.188
582,1873,7,0.118,0.813,-0.376,0.488,-0.703,0.281,-0.609,0.232,-0.603,0.187
583,1873,8,-0.109,0.477,-0.337,0.486,-0.702,0.269,-0.611,0.234,-0.600,0.185
584,1873,9,0.158,1.092,-0.290,0.543,-0.696,0.257,-0.608,0.233,-0.599,0.184
585,1873,10,-0.494,0.371,-0.246,0.555,-0.696,0.256,-0.605,0.229,-0.597,0.182
586,1873,11,-0.345,0.790,-0.239,0.655,-0.697,0.251,-0.601,0.228,-0.597,0.182
587,1873,12,-0.607,0.883,-0.283,0.579,-0.698,0.247,-0.600,0.225,-0.594,0.179
588,1874,1,-0.517,0.624,-0.369,0.483,-0.684,0.241,-0.601,0.222,-0.594,0.176
589,1874,2,-0.475,0.539,-0.433,0.442,-0.683,0.237,-0.607,0.221,-0.592,0.174
590,1874,3,-0.146,1.794,-0.521,0.336,-0.680,0.235,-0.614,0.224,-0.591,0.173
591,1874,4,-0.306,0.662,-0.564,0.347,-0.679,0.231,-0.616,0.226,-0.591,0.170
592,1874,5,-0.231,1.867,-0.631,0.365,-0.677,0.222,-0.619,0.229,-0.592,0.170
593,1874,6,-0.443,0.688,-0.687,0.290,-0.677,0.229,-0.624,0.228,-0.596,0.170
594,1874,7,-0.918,0.943,-0.729,0.298,-0.678,0.219,-0.626,0.227,-0.596,0.168
595,1874,8,-0.872,0.718,-0.798,0.278,-0.671,0.213,-0.628,0.222,-0.596,0.169
596,1874,9,-0.893,1.018,-0.911,0.368,-0.669,0.210,-0.630,0.220,-0.596,0.168
597,1874,10,-1.010,0.593,-0.969,0.421,-0.675,0.211,-0.635,0.222,-0.597,0.167
598,1874,11,-1.157,0.792,-1.075,0.602,-0.674,0.216,-0.632,0.221,-0.594,0.166
599,1874,12,-1.274,1.332,-1.125,0.759,-0.685,0.219,-0.628,0.219,-0.594,0.167
600,1875,1,-1.028,0.617,-1.104,0.802,-0.686,0.229,-0.623,0.217,-0.595,0.167
601,1875,2,-1.300,1.071,-1.087,0.824,-0.676,0.222,-0.613,0.211,-0.594,0.167
602,1875,3,-1.498,1.119,-1.046,0.753,-0.671,0.213,-0.608,0.211,-0.591,0.164
603,1875,4,-1.008,0.752,-1.029,0.770,-0.659,0.207,-0.610,0.205,-0.587,0.163
604,1875,5,-1.495,1.373,-1.007,0.809,-0.641,0.205,-0.609,0.202,-0.587,0.163
605,1875,6,-1.044,2.459,-1.027,0.728,-0.625,0.200,-0.608,0.200,-0.589,0.163
606,1875,7,-0.670,1.369,-1.021,0.770,-0.614,0.211,-0.610,0.199,-0.590,0.162
607,1875,8,-0.663,1.075,-0.984,0.699,-0.593,0.218,-0.606,0.195,-0.591,0.161
608,1875,9,-0.403,0.433,-0.931,0.626,-0.571,0.235,-0.602,0.191,-0.590,0.161
609,1875,10,-0.808,0.570,-0.896,0.607,-0.551,0.240,-0.598,0.187,-0.590,0.161
610,1875,11,-0.900,0.545,-0.829,0.452,-0.547,0.248,-0.595,0.184,-0.591,0.162
611,1875,12,-1.505,0.676,-0.806,0.373,-0.552,0.253,-0.587,0.181,-0.589,0.163
612,1876,1,-0.957,0.722,-0.769,0.301,-0.556,0.270,-0.580,0.176,-0.589,0.163
613,1876,2,-0.862,0.658,-0.759,0.247,-0.560,0.285,-0.574,0.169,-0.588,0.163
614,1876,3,-0.859,0.992,-0.782,0.254,-0.563,0.294,-0.570,0.172,-0.587,0.163
615,1876,4,-0.590,0.545,-0.783,0.258,-0.553,0.288,-0.569,0.175,-0.587,0.162
616,1876,5,-0.684,0.952,-0.789,0.245,-0.550,0.287,-0.568,0.174,-0.586,0.163
617,1876,6,-0.777,1.379,-0.766,0.219,-0.550,0.282,-0.562,0.174,-0.587,0.162
618,1876,7,-0.225,0.573,-0.769,0.241,-0.558,0.297,-0.555,0.176,-0.587,0.162
619,1876,8,-0.533,0.655,-0.779,0.260,-0.563,0.299,-0.550,0.176,-0.587,0.161
620,1876,9,-0.690,0.610,-0.789,0.262,-0.576,0.332,-0.542,0.174,-0.587,0.161
621,1876,10,-0.817,0.667,-0.778,0.276,-0.586,0.337,-0.534,0.178,-0.584,0.161
622,1876,11,-0.967,0.721,-0.725,0.391,-0.597,0.359,-0.526,0.181,-0.584,0.164
623,1876,12,-1.225,0.870,-0.728,0.378,-0.601,0.361,-0.513,0.184,-0.583,0.166
624,1877,1,-0.999,1.170,-0.734,0.446,-0.590,0.352,-0.504,0.182,-0.583,0.166
625,1877,2,-0.984,1.059,-0.677,0.440,-0.591,0.345,-0.494,0.186,-0.586,0.165
626,1877,3,-0.980,0.528,-0.617,0.400,-0.586,0.330,-0.488,0.184,-0.589,0.163
627,1877,4,-0.453,0.681,-0.525,0.322,-0.586,0.340,-0.491,0.176,-0.590,0.163
628,1877,5,-0.053,1.224,-0.402,0.352,-0.580,0.346,-0.497,0.170,-0.594,0.162
629,1877,6,-0.810,1.591,-0.286,0.391,-0.569,0.326,-0.500,0.172,-0.596,0.161
630,1877,7,-0.299,1.404,-0.175,0.404,-0.560,0.322,-0.498,0.170,-0.599,0.160
631,1877,8,0.154,0.554,-0.065,0.462,-0.542,0.310,-0.501,0.173,-0.602,0.161
632,1877,9,0.026,0.854,0.067,0.512,-0.525,0.298,-0.504,0.176,-0.602,0.161
633,1877,10,0.286,1.216,0.136,0.516,-0.523,0.291,-0.508,0.173,-0.603,0.160
634,1877,11,0.512,0.874,0.132,0.495,-0.509,0.274,-0.512,0.170,-0.606,0.157
635,1877,12,0.163,1.491,0.181,0.553,-0.504,0.256,-0.514,0.165,-0.607,0.153
636,1878,1,0.338,1.673,0.196,0.588,-0.502,0.245,-0.516,0.157,-0.607,0.151
637,1878,2,0.331,1.548,0.154,0.597,-0.496,0.235,-0.515,0.154,-0.607,0.147
638,1878,3,0.612,0.858,0.149,0.603,-0.497,0.230,-0.515,0.149,-0.606,0.146
639,1878,4,0.368,0.764,0.137,0.592,-0.491,0.217,-0.516,0.147,-0.605,0.145
640,1878,5,-0.099,1.104,0.082,0.583,-0.484,0.213,-0.519,0.144,-0.605,0.143
641,1878,6,-0.220,0.524,0.014,0.546,-0.466,0.208,-0.523,0.137,-0.607,0.141
642,1878,7,-0.120,1.252,-0.095,0.490,-0.458,0.194,-0.527,0.135,-0.608,0.139
643,1878,8,-0.346,1.292,-0.187,0.414,-0.447,0.192,-0.528,0.135,-0.609,0.139
644,1878,9,-0.035,0.454,-0.318,0.415,-0.444,0.194,-0.537,0.131,-0.609,0.137
645,1878,10,0.145,0.778,-0.423,0.393,-0.442,0.194,-0.540,0.128,-0.609,0.138
646,1878,11,-0.155,1.000,-0.486,0.393,-0.439,0.189,-0.546,0.129,-0.607,0.137
647,1878,12,-0.651,1.019,-0.527,0.382,-0.426,0.203,-0.547,0.126,-0.605,0.136
648,1879,1,-0.967,0.961,-0.538,0.344,-0.426,0.211,-0.552,0.119,-0.601,0.133
649,1879,2,-0.776,0.712,-0.588,0.291,-0.416,0.216,-0.554,0.114,-0.602,0.125
650,1879,3,-0.964,0.750,-0.636,0.287,-0.405,0.222,-0.561,0.108,-0.602,0.119
651,1879,4,-0.890,0.556,-0.731,0.315,-0.389,0.248,-0.566,0.103,-0.599,0.118
652,1879,5,-0.854,0.766,-0.786,0.333,-0.374,0.258,-0.571,0.096,-0.597,0.116
653,1879,6,-0.715,0.469,-0.781,0.294,-0.350,0.262,-0.576,0.097,-0.597,0.115
654,1879,7,-0.247,0.350,-0.741,0.255,-0.330,0.279,-0.572,0.098,-0.597,0.115
655,1879,8,-0.949,0.391,-0.695,0.269,-0.318,0.282,-0.570,0.102,-0.596,0.116
656,1879,9,-0.602,0.564,-0.655,0.263,-0.307,0.292,-0.570,0.104,-0.596,0.114
657,1879,10,-1.000,1.017,-0.653,0.257,-0.308,0.289,-0.568,0.105,-0.596,0.113
658,1879,11,-0.813,0.440,-0.638,0.286,-0.320,0.300,-0.563,0.100,-0.595,0.114
659,1879,12,-0.595,0.831,-0.637,0.278,-0.315,0.337,-0.563,0.107,-0.592,0.114
660,1880,1,-0.488,1.368,-0.664,0.314,-0.310,0.366,-0.560,0.107,-0.590,0.112
661,1880,2,-0.219,0.622,-0.612,0.338,-0.325,0.375,-0.556,0.109,-0.587,0.107
662,1880,3,-0.483,0.771,-0.601,0.386,-0.336,0.371,-0.549,0.108,-0.586,0.105
663,1880,4,-0.871,0.683,-0.551,0.501,-0.358,0.355,-0.545,0.112,-0.587,0.103
664,1880,5,-0.676,0.602,-0.525,0.552,-0.383,0.355,-0.538,0.118,-0.587,0.102
665,1880,6,-0.700,0.473,-0.512,0.615,-0.403,0.338,-0.535,0.131,-0.586,0.104
666,1880,7,-0.574,0.556,-0.509,0.651,-0.418,0.324,-0.533,0.137,-0.588,0.105
667,1880,8,-0.327,0.960,-0.506,0.695,-0.437,0.325,-0.531,0.145,-0.590,0.104
668,1880,9,-0.467,1.112,-0.523,0.693,-0.459,0.327,-0.531,0.148,-0.590,0.101
669,1880,10,-0.403,1.028,-0.491,0.655,-0.482,0.331,-0.525,0.154,-0.589,0.098
670,1880,11,-0.498,0.736,-0.478,0.672,-0.490,0.342,-0.521,0.158,-0.589,0.094
671,1880,12,-0.445,1.357,-0.420,0.773,-0.494,0.338,-0.512,0.159,-0.587,0.091
672,1881,1,-0.442,1.710,-0.388,0.796,-0.498,0.356,-0.506,0.163,-0.585,0.091
673,1881,2,-0.193,1.342,-0.359,0.829,-0.496,0.377,-0.504,0.167,-0.584,0.088
674,1881,3,-0.679,0.617,-0.318,0.835,-0.510,0.379,-0.499,0.168,-0.582,0.087
675,1881,4,-0.495,0.609,-0.275,0.907,-0.527,0.365,-0.498,0.170,-0.582,0.088
676,1881,5,-0.517,0.757,-0.241,0.949,-0.542,0.356,-0.497,0.169,-0.581,0.089
677,1881,6,-0.004,1.207,-0.184,0.893,-0.545,0.349,-0.493,0.177,-0.579,0.089
678,1881,7,-0.183,0.819,-0.129,0.858,-0.546,0.352,-0.492,0.181,-0.576,0.090
679,1881,8,0.014,1.077,-0.136,0.791,-0.545,0.359,-0.491,0.181,-0.576,0.090
680,1881,9,0.022,1.192,-0.109,0.808,-0.546,0.363,-0.487,0.183,-0.575,0.090
681,1881,10,0.123,1.734,-0.106,0.814,-0.546,0.349,-0.483,0.194,-0.573,0.089
682,1881,11,-0.100,1.253,-0.132,0.758,-0.545,0.364,-0.481,0.197,-0.571,0.090
683,1881,12,0.247,0.988,-0.173,0.756,-0.551,0.363,-0.476,0.204,-0.570,0.090
684,1882,1,0.221,1.412,-0.154,0.769,-0.554,0.359,-0.477,0.209,-0.570,0.092
685,1882,2,-0.277,0.529,-0.218,0.790,-0.548,0.367,-0.481,0.206,-0.567,0.092
686,1882,3,-0.358,0.900,-0.276,0.743,-0.553,0.364,-0.485,0.205,-0.565,0.093
687,1882,4,-0.457,0.578,-0.368,0.607,-0.551,0.377,-0.491,0.207,-0.569,0.092
688,1882,5,-0.830,0.427,-0.447,0.537,-0.545,0.378,-0.499,0.214,-0.573,0.094
689,1882,6,-0.500,1.027,-0.552,0.519,-0.557,0.373,-0.502,0.222,-0.575,0.095
690,1882,7,0.048,0.885,-0.615,0.450,-0.561,0.360,-0.504,0.235,-0.576,0.097
691,1882,8,-0.754,1.495,-0.661,0.458,-0.570,0.341,-0.515,0.233,-0.578,0.098
692,1882,9,-0.680,0.758,-0.688,0.397,-0.573,0.314,-0.521,0.226,-0.580,0.098
693,1882,10,-0.980,0.334,-0.738,0.389,-0.566,0.307,-0.531,0.217,-0.580,0.098
694,1882,11,-1.040,0.749,-0.716,0.365,-0.567,0.303,-0.545,0.215,-0.581,0.098
695,1882,12,-1.018,0.393,-0.712,0.278,-0.567,0.301,-0.559,0.205,-0.583,0.098
696,1883,1,-0.531,0.765,-0.748,0.211,-0.564,0.294,-0.571,0.196,-0.588,0.097
697,1883,2,-0.832,0.857,-0.705,0.161,-0.566,0.289,-0.581,0.191,-0.588,0.094
698,1883,3,-0.682,0.658,-0.719,0.158,-0.564,0.279,-0.593,0.189,-0.590,0.093
699,1883,4,-1.054,0.341,-0.711,0.150,-0.560,0.279,-0.600,0.191,-0.591,0.091
700,1883,5,-0.565,0.592,-0.712,0.190,-0.557,0.276,-0.605,0.196,-0.592,0.090
701,1883,6,-0.456,0.496,-0.694,0.186,-0.558,0.263,-0.606,0.194,-0.596,0.089
702,1883,7,-0.389,0.808,-0.737,0.231,-0.554,0.252,-0.608,0.202,-0.600,0.090
703,1883,8,-0.228,0.340,-0.729,0.216,-0.561,0.242,-0.607,0.211,-0.604,0.088
704,1883,9,-0.847,0.285,-0.755,0.211,-0.554,0.237,-0.610,0.208,-0.608,0.087
705,1883,10,-0.890,0.436,-0.741,0.248,-0.555,0.240,-0.612,0.203,-0.610,0.088
706,1883,11,-1.046,0.592,-0.763,0.202,-0.554,0.235,-0.612,0.200,-0.613,0.090
707,1883,12,-0.807,0.490,-0.814,0.200,-0.560,0.222,-0.609,0.196,-0.615,0.091
708,1884,1,-1.042,0.927,-0.816,0.248,-0.559,0.218,-0.600,0.200,-0.617,0.093
709,1884,2,-0.741,0.618,-0.847,0.230,-0.566,0.207,-0.597,0.197,-0.617,0.092
710,1884,3,-0.990,0.760,-0.851,0.242,-0.569,0.196,-0.591,0.201,-0.620,0.095
711,1884,4,-0.887,0.898,-0.849,0.228,-0.577,0.188,-0.582,0.201,-0.622,0.097
712,1884,5,-0.828,0.443,-0.799,0.246,-0.587,0.184,-0.574,0.206,-0.625,0.098
713,1884,6,-1.067,0.420,-0.845,0.217,-0.603,0.194,-0.569,0.207,-0.627,0.099
714,1884,7,-0.424,0.579,-0.814,0.210,-0.624,0.180,-0.569,0.206,-0.626,0.097
715,1884,8,-0.594,0.732,-0.820,0.262,-0.644,0.175,-0.563,0.205,-0.626,0.098
716,1884,9,-0.895,0.329,-0.792,0.300,-0.662,0.166,-0.562,0.197,-0.625,0.097
717,1884,10,-0.864,0.410,-0.756,0.277,-0.675,0.167,-0.558,0.202,-0.624,0.098
718,1884,11,-0.455,0.495,-0.746,0.271,-0.677,0.171,-0.557,0.205,-0.623,0.099
719,1884,12,-1.350,0.358,-0.716,0.289,-0.688,0.160,-0.556,0.204,-0.621,0.098
720,1885,1,-0.674,0.585,-0.713,0.282,-0.699,0.158,-0.557,0.191,-0.620,0.098
721,1885,2,-0.817,1.095,-0.702,0.288,-0.705,0.153,-0.561,0.187,-0.618,0.096
722,1885,3,-0.649,1.485,-0.656,0.278,-0.705,0.156,-0.565,0.188,-0.615,0.096
723,1885,4,-0.457,0.591,-0.596,0.258,-0.704,0.158,-0.563,0.183,-0.615,0.097
724,1885,5,-0.705,0.427,-0.587,0.272,-0.708,0.158,-0.564,0.182,-0.612,0.099
725,1885,6,-0.712,0.605,-0.515,0.267,-0.714,0.161,-0.565,0.183,-0.609,0.100
726,1885,7,-0.382,0.521,-0.477,0.266,-0.723,0.158,-0.567,0.176,-0.608,0.100
727,1885,8,-0.469,0.424,-0.458,0.274,-0.725,0.156,-0.575,0.172,-0.609,0.101
728,1885,9,-0.346,0.560,-0.428,0.349,-0.727,0.160,-0.577,0.156,-0.609,0.101
729,1885,10,-0.144,0.789,-0.432,0.348,-0.718,0.162,-0.580,0.146,-0.608,0.102
730,1885,11,-0.340,0.631,-0.416,0.353,-0.719,0.169,-0.582,0.133,-0.608,0.103
731,1885,12,-0.493,0.641,-0.385,0.356,-0.718,0.177,-0.588,0.127,-0.606,0.104
732,1886,1,-0.206,0.841,-0.361,0.364,-0.718,0.187,-0.589,0.124,-0.604,0.106
733,1886,2,-0.594,0.905,-0.357,0.347,-0.717,0.195,-0.593,0.117,-0.603,0.105
734,1886,3,-0.290,0.464,-0.344,0.357,-0.709,0.200,-0.594,0.119,-0.601,0.103
735,1886,4,-0.508,0.347,-0.360,0.400,-0.696,0.200,-0.595,0.121,-0.599,0.103
736,1886,5,-0.507,0.383,-0.388,0.431,-0.683,0.201,-0.594,0.121,-0.597,0.102
737,1886,6,-0.342,0.479,-0.407,0.473,-0.673,0.205,-0.597,0.124,-0.595,0.103
738,1886,7,-0.094,0.438,-0.477,0.436,-0.655,0.202,-0.596,0.127,-0.594,0.104
739,1886,8,-0.423,0.433,-0.550,0.379,-0.649,0.207,-0.602,0.129,-0.594,0.105
740,1886,9,-0.180,0.596,-0.649,0.348,-0.636,0.206,-0.607,0.129,-0.592,0.105
741,1886,10,-0.340,1.139,-0.708,0.356,-0.619,0.201,-0.612,0.135,-0.589,0.105
742,1886,11,-0.682,0.914,-0.747,0.349,-0.603,0.200,-0.617,0.141,-0.586,0.105
743,1886,12,-0.712,1.207,-0.815,0.321,-0.587,0.199,-0.626,0.147,-0.584,0.108
744,1887,1,-1.050,0.842,-0.854,0.327,-0.585,0.199,-0.636,0.150,-0.579,0.108
745,1887,2,-1.473,0.717,-0.913,0.323,-0.579,0.202,-0.639,0.151,-0.576,0.109
746,1887,3,-1.479,0.515,-0.954,0.300,-0.572,0.206,-0.641,0.151,-0.572,0.109
747,1887,4,-1.217,0.602,-1.005,0.273,-0.564,0.208,-0.646,0.147,-0.572,0.109
748,1887,5,-0.977,0.357,-1.052,0.292,-0.569,0.212,-0.648,0.149,-0.574,0.109
749,1887,6,-1.158,0.594,-1.109,0.321,-0.556,0.215,-0.650,0.154,-0.571,0.112
750,1887,7,-0.556,0.602,-1.113,0.260,-0.553,0.217,-0.654,0.157,-0.570,0.114
751,1887,8,-1.135,0.339,-1.068,0.246,-0.552,0.211,-0.656,0.162,-0.571,0.114
752,1887,9,-0.673,0.439,-1.012,0.243,-0.556,0.207,-0.656,0.168,-0.572,0.114
753,1887,10,-0.949,0.562,-0.951,0.260,-0.560,0.203,-0.652,0.169,-0.574,0.112
754,1887,11,-1.239,0.608,-0.924,0.299,-0.562,0.200,-0.651,0.171,-0.578,0.112
755,1887,12,-1.405,0.487,-0.861,0.297,-0.562,0.197,-0.652,0.175,-0.581,0.112
756,1888,1,-1.097,0.549,-0.844,0.357,-0.569,0.193,-0.660,0.178,-0.584,0.112
757,1888,2,-0.936,0.578,-0.765,0.390,-0.584,0.192,-0.662,0.178,-0.588,0.114
758,1888,3,-0.795,0.644,-0.742,0.424,-0.590,0.195,-0.666,0.181,-0.594,0.115
759,1888,4,-0.487,0.641,-0.671,0.427,-0.600,0.198,-0.665,0.181,-0.598,0.118
760,1888,5,-0.661,0.760,-0.587,0.421,-0.607,0.212,-0.666,0.178,-0.599,0.119
761,1888,6,-0.393,0.820,-0.490,0.419,-0.617,0.227,-0.669,0.178,-0.599,0.120
762,1888,7,-0.356,0.505,-0.394,0.411,-0.623,0.233,-0.673,0.183,-0.600,0.120
763,1888,8,-0.186,0.427,-0.349,0.406,-0.625,0.243,-0.679,0.188,-0.599,0.122
764,1888,9,-0.402,0.862,-0.299,0.378,-0.634,0.251,-0.678,0.189,-0.602,0.121
765,1888,10,-0.092,0.384,-0.248,0.345,-0.636,0.252,-0.681,0.188,-0.604,0.118
766,1888,11,-0.238,0.494,-0.181,0.329,-0.633,0.259,-0.681,0.189,-0.605,0.117
767,1888,12,-0.233,0.494,-0.160,0.310,-0.633,0.255,-0.683,0.190,-0.606,0.116
768,1889,1,0.047,0.426,-0.151,0.314,-0.634,0.256,-0.683,0.188,-0.606,0.117
769,1889,2,-0.389,0.823,-0.156,0.328,-0.638,0.256,-0.680,0.190,-0.606,0.116
770,1889,3,-0.201,0.849,-0.162,0.344,-0.645,0.264,-0.679,0.192,-0.606,0.117
771,1889,4,0.126,0.582,-0.190,0.349,-0.647,0.289,-0.679,0.191,-0.606,0.117
772,1889,5,0.145,0.666,-0.232,0.327,-0.647,0.301,-0.679,0.192,-0.604,0.118
773,1889,6,-0.137,0.457,-0.257,0.317,-0.650,0.319,-0.678,0.193,-0.603,0.118
774,1889,7,-0.252,0.585,-0.304,0.328,-0.648,0.316,-0.680,0.192,-0.602,0.120
775,1889,8,-0.249,0.481,-0.332,0.314,-0.634,0.307,-0.683,0.197,-0.598,0.121
776,1889,9,-0.476,0.946,-0.391,0.313,-0.620,0.291,-0.680,0.197,-0.597,0.120
777,1889,10,-0.424,0.275,-0.459,0.318,-0.617,0.283,-0.680,0.198,-0.595,0.122
778,1889,11,-0.745,0.618,-0.539,0.317,-0.619,0.279,-0.683,0.197,-0.594,0.124
779,1889,12,-0.528,0.496,-0.591,0.318,-0.612,0.268,-0.680,0.198,-0.595,0.123
780,1890,1,-0.513,1.050,-0.637,0.329,-0.609,0.271,-0.680,0.198,-0.594,0.123
781,1890,2,-0.733,0.753,-0.728,0.330,-0.607,0.273,-0.680,0.193,-0.594,0.125
782,1890,3,-0.909,0.661,-0.750,0.365,-0.608,0.272,-0.681,0.189,-0.593,0.128
783,1890,4,-0.691,0.517,-0.775,0.440,-0.600,0.271,-0.685,0.189,-0.590,0.129
784,1890,5,-0.811,0.377,-0.776,0.614,-0.594,0.270,-0.686,0.188,-0.588,0.129
785,1890,6,-0.764,0.395,-0.824,0.694,-0.590,0.274,-0.682,0.186,-0.585,0.132
786,1890,7,-0.798,0.924,-0.828,0.646,-0.596,0.281,-0.684,0.184,-0.583,0.133
787,1890,8,-1.340,0.577,-0.825,0.640,-0.598,0.279,-0.687,0.183,-0.581,0.135
788,1890,9,-0.743,1.670,-0.820,0.720,-0.604,0.279,-0.687,0.185,-0.580,0.136
789,1890,10,-0.726,1.506,-0.813,0.702,-0.612,0.276,-0.691,0.192,-0.578,0.138
790,1890,11,-0.759,1.888,-0.772,0.735,-0.613,0.264,-0.695,0.201,-0.579,0.141
791,1890,12,-1.096,0.735,-0.738,0.741,-0.620,0.256,-0.699,0.207,-0.579,0.142
792,1891,1,-0.570,0.532,-0.685,0.674,-0.629,0.260,-0.702,0.211,-0.578,0.143
793,1891,2,-0.692,0.565,-0.628,0.678,-0.641,0.266,-0.702,0.215,-0.580,0.144
794,1891,3,-0.851,0.889,-0.616,0.564,-0.647,0.265,-0.702,0.214,-0.580,0.146
795,1891,4,-0.604,0.361,-0.595,0.507,-0.666,0.268,-0.700,0.211,-0.579,0.148
796,1891,5,-0.325,0.646,-0.588,0.346,-0.679,0.268,-0.697,0.209,-0.579,0.149
797,1891,6,-0.352,0.360,-0.572,0.302,-0.693,0.270,-0.697,0.209,-0.581,0.152
798,1891,7,-0.164,0.380,-0.600,0.296,-0.711,0.269,-0.696,0.209,-0.583,0.155
799,1891,8,-0.652,0.385,-0.596,0.269,-0.711,0.253,-0.696,0.209,-0.586,0.156
800,1891,9,-0.596,0.360,-0.576,0.259,-0.722,0.259,-0.696,0.213,-0.589,0.157
801,1891,10,-0.474,0.752,-0.616,0.271,-0.738,0.263,-0.694,0.220,-0.592,0.159
802,1891,11,-0.680,0.827,-0.680,0.338,-0.754,0.259,-0.691,0.230,-0.595,0.161
803,1891,12,-0.904,0.628,-0.710,0.424,-0.769,0.263,-0.691,0.245,-0.600,0.164
804,1892,1,-0.907,0.436,-0.727,0.478,-0.776,0.259,-0.682,0.245,-0.605,0.163
805,1892,2,-0.647,0.707,-0.758,0.515,-0.787,0.255,-0.670,0.242,-0.609,0.165
806,1892,3,-0.606,1.126,-0.768,0.543,-0.788,0.245,-0.660,0.238,-0.611,0.164
807,1892,4,-1.084,0.770,-0.768,0.570,-0.795,0.245,-0.654,0.238,-0.613,0.163
808,1892,5,-1.092,0.907,-0.784,0.540,-0.797,0.247,-0.648,0.240,-0.613,0.163
809,1892,6,-0.713,0.908,-0.810,0.528,-0.804,0.252,-0.640,0.240,-0.613,0.164
810,1892,7,-0.374,1.023,-0.856,0.534,-0.806,0.238,-0.636,0.244,-0.613,0.163
811,1892,8,-1.023,0.383,-0.889,0.503,-0.808,0.232,-0.627,0.246,-0.612,0.163
812,1892,9,-0.715,0.346,-0.935,0.427,-0.806,0.232,-0.623,0.247,-0.610,0.164
813,1892,10,-0.477,0.384,-0.923,0.384,-0.811,0.233,-0.617,0.244,-0.609,0.164
814,1892,11,-0.869,0.655,-0.893,0.381,-0.810,0.232,-0.611,0.242,-0.607,0.164
815,1892,12,-1.214,0.754,-0.901,0.369,-0.801,0.228,-0.602,0.238,-0.606,0.165
816,1893,1,-1.457,0.587,-0.944,0.355,-0.798,0.222,-0.597,0.239,-0.605,0.166
817,1893,2,-1.045,0.591,-0.933,0.361,-0.790,0.218,-0.595,0.233,-0.604,0.164
818,1893,3,-1.158,0.547,-0.940,0.369,-0.783,0.216,-0.594,0.230,-0.603,0.166
819,1893,4,-0.940,0.495,-1.001,0.380,-0.781,0.226,-0.596,0.227,-0.600,0.167
820,1893,5,-0.735,1.059,-1.016,0.380,-0.782,0.240,-0.593,0.222,-0.600,0.168
821,1893,6,-0.809,0.715,-1.003,0.336,-0.781,0.247,-0.592,0.219,-0.599,0.168
822,1893,7,-0.891,0.657,-0.967,0.307,-0.781,0.251,-0.592,0.216,-0.599,0.169
823,1893,8,-0.881,0.635,-0.911,0.265,-0.779,0.255,-0.592,0.215,-0.600,0.170
824,1893,9,-0.806,0.412,-0.887,0.280,-0.771,0.253,-0.594,0.214,-0.598,0.171
825,1893,10,-1.202,0.448,-0.879,0.295,-0.764,0.248,-0.597,0.213,-0.596,0.169
826,1893,11,-1.051,0.340,-0.886,0.285,-0.760,0.245,-0.598,0.209,-0.595,0.168
827,1893,12,-1.058,0.618,-0.902,0.301,-0.760,0.252,-0.602,0.207,-0.595,0.168
828,1894,1,-1.022,0.503,-0.884,0.279,-0.759,0.251,-0.611,0.202,-0.596,0.166
829,1894,2,-0.382,0.495,-0.890,0.269,-0.754,0.255,-0.615,0.197,-0.597,0.166
830,1894,3,-0.864,0.572,-0.868,0.250,-0.748,0.257,-0.621,0.194,-0.597,0.166
831,1894,4,-0.849,0.501,-0.835,0.243,-0.741,0.254,-0.629,0.192,-0.597,0.164
832,1894,5,-0.821,0.474,-0.823,0.233,-0.735,0.247,-0.634,0.188,-0.597,0.164
833,1894,6,-1.000,0.524,-0.809,0.233,-0.732,0.250,-0.637,0.186,-0.595,0.164
834,1894,7,-0.678,0.415,-0.781,0.206,-0.716,0.251,-0.634,0.180,-0.594,0.162
835,1894,8,-0.943,0.586,-0.820,0.217,-0.707,0.251,-0.633,0.176,-0.594,0.163
836,1894,9,-0.549,0.252,-0.813,0.211,-0.700,0.245,-0.632,0.173,-0.592,0.162
837,1894,10,-0.808,0.383,-0.825,0.208,-0.690,0.244,-0.632,0.175,-0.591,0.162
838,1894,11,-0.898,0.308,-0.818,0.222,-0.678,0.242,-0.631,0.179,-0.591,0.163
839,1894,12,-0.897,0.351,-0.754,0.220,-0.667,0.245,-0.633,0.181,-0.589,0.163
840,1895,1,-0.679,0.361,-0.748,0.193,-0.662,0.245,-0.632,0.178,-0.585,0.163
841,1895,2,-0.850,0.277,-0.739,0.178,-0.646,0.248,-0.627,0.175,-0.583,0.159
842,1895,3,-0.788,0.453,-0.724,0.190,-0.638,0.249,-0.621,0.175,-0.581,0.157
843,1895,4,-0.989,0.684,-0.706,0.200,-0.635,0.243,-0.617,0.178,-0.579,0.156
844,1895,5,-0.742,0.890,-0.700,0.249,-0.628,0.240,-0.611,0.178,-0.578,0.154
845,1895,6,-0.231,0.602,-0.711,0.272,-0.614,0.232,-0.605,0.178,-0.573,0.153
846,1895,7,-0.601,0.444,-0.702,0.294,-0.598,0.225,-0.599,0.177,-0.570,0.151
847,1895,8,-0.842,0.511,-0.679,0.333,-0.592,0.217,-0.588,0.178,-0.568,0.150
848,1895,9,-0.365,0.346,-0.643,0.330,-0.585,0.214,-0.582,0.181,-0.566,0.149
849,1895,10,-0.590,0.741,-0.579,0.270,-0.581,0.216,-0.577,0.187,-0.565,0.150
850,1895,11,-0.829,0.924,-0.524,0.266,-0.574,0.213,-0.576,0.199,-0.564,0.151
851,1895,12,-1.030,0.545,-0.534,0.299,-0.564,0.209,-0.570,0.204,-0.562,0.152
852,1896,1,-0.566,0.659,-0.490,0.270,-0.554,0.198,-0.567,0.209,-0.562,0.153
853,1896,2,-0.578,0.974,-0.450,0.267,-0.543,0.192,-0.567,0.218,-0.560,0.153
854,1896,3,-0.349,0.433,-0.437,0.285,-0.540,0.190,-0.565,0.221,-0.560,0.154
855,1896,4,-0.228,0.494,-0.396,0.290,-0.527,0.186,-0.563,0.221,-0.560,0.154
856,1896,5,-0.083,0.478,-0.354,0.287,-0.518,0.183,-0.565,0.226,-0.559,0.154
857,1896,6,-0.342,0.378,-0.325,0.355,-0.512,0.183,-0.566,0.231,-0.560,0.153
858,1896,7,-0.078,0.539,-0.273,0.354,-0.511,0.181,-0.570,0.231,-0.559,0.153
859,1896,8,-0.366,0.398,-0.235,0.293,-0.519,0.185,-0.570,0.235,-0.559,0.152
860,1896,9,-0.206,0.603,-0.220,0.270,-0.520,0.179,-0.571,0.240,-0.559,0.153
861,1896,10,-0.099,0.741,-0.243,0.291,-0.520,0.177,-0.572,0.244,-0.559,0.154
862,1896,11,-0.323,0.809,-0.266,0.318,-0.514,0.175,-0.573,0.244,-0.556,0.154
863,1896,12,-0.678,1.179,-0.245,0.342,-0.506,0.174,-0.574,0.244,-0.555,0.156
864,1897,1,0.057,0.580,-0.245,0.370,-0.493,0.169,-0.574,0.246,-0.550,0.154
865,1897,2,-0.120,0.719,-0.219,0.372,-0.480,0.170,-0.579,0.244,-0.546,0.152
866,1897,3,-0.172,0.652,-0.222,0.360,-0.475,0.172,-0.581,0.235,-0.542,0.151
867,1897,4,-0.499,0.392,-0.235,0.330,-0.469,0.172,-0.579,0.230,-0.537,0.150
868,1897,5,-0.366,0.503,-0.249,0.313,-0.465,0.181,-0.577,0.226,-0.535,0.150
869,1897,6,-0.083,0.840,-0.224,0.325,-0.463,0.185,-0.575,0.221,-0.530,0.147
870,1897,7,-0.084,0.514,-0.269,0.315,-0.458,0.193,-0.573,0.217,-0.528,0.147
871,1897,8,-0.057,0.457,-0.317,0.312,-0.447,0.196,-0.567,0.214,-0.524,0.146
872,1897,9,-0.236,0.342,-0.360,0.341,-0.437,0.197,-0.565,0.211,-0.523,0.146
873,1897,10,-0.260,0.439,-0.377,0.362,-0.422,0.196,-0.566,0.209,-0.520,0.145
874,1897,11,-0.493,0.581,-0.373,0.394,-0.412,0.195,-0.564,0.205,-0.517,0.143
875,1897,12,-0.377,0.882,-0.385,0.376,-0.408,0.196,-0.561,0.203,-0.513,0.142
876,1898,1,-0.486,0.641,-0.405,0.363,-0.400,0.198,-0.550,0.202,-0.507,0.143
877,1898,2,-0.693,0.749,-0.417,0.388,-0.386,0.205,-0.546,0.201,-0.504,0.142
878,1898,3,-0.690,0.492,-0.451,0.387,-0.381,0.209,-0.540,0.204,-0.502,0.140
879,1898,4,-0.702,0.645,-0.465,0.369,-0.372,0.212,-0.535,0.206,-0.501,0.137
880,1898,5,-0.311,0.682,-0.461,0.362,-0.370,0.222,-0.533,0.205,-0.498,0.135
881,1898,6,-0.234,0.517,-0.489,0.353,-0.359,0.232,-0.530,0.202,-0.498,0.135
882,1898,7,-0.319,0.540,-0.528,0.349,-0.353,0.244,-0.525,0.198,-0.499,0.134
883,1898,8,-0.204,0.561,-0.543,0.339,-0.355,0.262,-0.522,0.194,-0.500,0.134
884,1898,9,-0.642,0.840,-0.563,0.351,-0.360,0.271,-0.518,0.195,-0.500,0.134
885,1898,10,-0.424,0.629,-0.578,0.355,-0.361,0.275,-0.511,0.191,-0.502,0.133
886,1898,11,-0.453,0.523,-0.587,0.345,-0.370,0.277,-0.508,0.190,-0.505,0.132
887,1898,12,-0.704,0.508,-0.611,0.347,-0.373,0.280,-0.508,0.192,-0.505,0.132
888,1899,1,-0.959,0.796,-0.578,0.334,-0.381,0.282,-0.509,0.189,-0.506,0.131
889,1899,2,-0.866,0.542,-0.572,0.341,-0.386,0.287,-0.514,0.189,-0.506,0.129
890,1899,3,-0.934,0.541,-0.543,0.358,-0.394,0.290,-0.515,0.187,-0.508,0.127
891,1899,4,-0.879,0.466,-0.543,0.345,-0.403,0.302,-0.516,0.184,-0.510,0.126
892,1899,5,-0.426,0.667,-0.560,0.329,-0.411,0.309,-0.515,0.182,-0.511,0.124
893,1899,6,-0.520,0.352,-0.568,0.314,-0.417,0.315,-0.512,0.180,-0.512,0.123
894,1899,7,0.074,0.815,-0.517,0.291,-0.433,0.316,-0.509,0.176,-0.509,0.121
895,1899,8,-0.131,0.684,-0.459,0.304,-0.451,0.310,-0.506,0.173,-0.509,0.120
896,1899,9,-0.293,0.441,-0.397,0.306,-0.463,0.304,-0.505,0.172,-0.507,0.119
897,1899,10,-0.421,0.720,-0.335,0.303,-0.469,0.299,-0.502,0.171,-0.506,0.117
898,1899,11,-0.663,0.607,-0.310,0.286,-0.476,0.295,-0.499,0.173,-0.506,0.117
899,1899,12,-0.798,0.380,-0.266,0.305,-0.483,0.283,-0.498,0.173,-0.506,0.116
900,1900,1,-0.346,0.641,-0.281,0.307,-0.484,0.279,-0.491,0.175,-0.505,0.114
901,1900,2,-0.172,0.532,-0.270,0.325,-0.488,0.274,-0.486,0.173,-0.505,0.112
902,1900,3,-0.195,0.498,-0.254,0.376,-0.491,0.267,-0.481,0.173,-0.504,0.111
903,1900,4,-0.130,0.495,-0.222,0.407,-0.497,0.259,-0.474,0.169,-0.504,0.111
904,1900,5,-0.128,0.493,-0.223,0.452,-0.500,0.247,-0.469,0.166,-0.504,0.111
905,1900,6,0.007,0.668,-0.187,0.507,-0.507,0.237,-0.464,0.165,-0.504,0.110
906,1900,7,-0.109,0.685,-0.179,0.556,-0.502,0.235,-0.457,0.164,-0.502,0.109
907,1900,8,0.010,0.709,-0.220,0.624,-0.499,0.233,-0.449,0.163,-0.497,0.109
908,1900,9,-0.102,0.822,-0.259,0.610,-0.496,0.237,-0.445,0.161,-0.496,0.109
909,1900,10,-0.043,0.692,-0.272,0.594,-0.490,0.231,-0.439,0.159,-0.495,0.110
910,1900,11,-0.669,1.073,-0.316,0.618,-0.493,0.227,-0.433,0.158,-0.494,0.111
911,1900,12,-0.371,0.819,-0.357,0.599,-0.496,0.222,-0.426,0.157,-0.493,0.110
912,1901,1,-0.240,0.916,-0.397,0.585,-0.495,0.223,-0.422,0.160,-0.494,0.111
913,1901,2,-0.667,1.271,-0.451,0.595,-0.501,0.216,-0.417,0.162,-0.493,0.110
914,1901,3,-0.664,0.590,-0.499,0.560,-0.495,0.223,-0.417,0.166,-0.491,0.110
915,1901,4,-0.290,0.429,-0.550,0.560,-0.495,0.223,-0.420,0.168,-0.491,0.109
916,1901,5,-0.648,0.473,-0.564,0.525,-0.499,0.223,-0.422,0.169,-0.491,0.110
917,1901,6,-0.486,0.484,-0.618,0.492,-0.504,0.225,-0.423,0.169,-0.489,0.111
918,1901,7,-0.591,0.506,-0.672,0.475,-0.507,0.213,-0.422,0.169,-0.487,0.110
919,1901,8,-0.635,0.910,-0.718,0.424,-0.510,0.211,-0.423,0.169,-0.487,0.110
920,1901,9,-0.686,0.537,-0.736,0.384,-0.509,0.211,-0.422,0.170,-0.485,0.110
921,1901,10,-0.656,0.651,-0.783,0.365,-0.511,0.208,-0.424,0.172,-0.485,0.110
922,1901,11,-0.829,0.731,-0.794,0.345,-0.515,0.203,-0.422,0.173,-0.484,0.109
923,1901,12,-1.022,0.839,-0.793,0.316,-0.518,0.202,-0.420,0.173,-0.482,0.109
924,1902,1,-0.890,0.600,-0.757,0.310,-0.525,0.199,-0.419,0.170,-0.477,0.108
925,1902,2,-1.216,0.889,-0.732,0.285,-0.531,0.193,-0.422,0.170,-0.474,0.107
926,1902,3,-0.887,0.737,-0.707,0.256,-0.534,0.192,-0.424,0.172,-0.471,0.105
927,1902,4,-0.853,0.506,-0.706,0.302,-0.535,0.185,-0.420,0.170,-0.466,0.105
928,1902,5,-0.777,0.385,-0.692,0.355,-0.534,0.180,-0.421,0.166,-0.463,0.105
929,1902,6,-0.478,0.575,-0.673,0.361,-0.533,0.176,-0.421,0.162,-0.460,0.105
930,1902,7,-0.148,0.308,-0.614,0.392,-0.524,0.173,-0.421,0.159,-0.459,0.105
931,1902,8,-0.342,0.422,-0.557,0.322,-0.526,0.166,-0.422,0.159,-0.456,0.105
932,1902,9,-0.388,0.559,-0.522,0.245,-0.525,0.163,-0.423,0.158,-0.453,0.106
933,1902,10,-0.643,0.634,-0.480,0.224,-0.525,0.157,-0.423,0.159,-0.453,0.105
934,1902,11,-0.655,0.796,-0.459,0.227,-0.527,0.153,-0.423,0.158,-0.453,0.106
935,1902,12,-0.793,0.539,-0.451,0.228,-0.519,0.147,-0.424,0.154,-0.451,0.106
936,1903,1,-0.184,0.386,-0.462,0.225,-0.513,0.141,-0.417,0.153,-0.446,0.106
937,1903,2,-0.539,0.657,-0.482,0.246,-0.512,0.138,-0.413,0.149,-0.443,0.105
938,1903,3,-0.464,0.854,-0.471,0.235,-0.509,0.136,-0.410,0.145,-0.440,0.104
939,1903,4,-0.348,0.493,-0.453,0.191,-0.507,0.132,-0.406,0.145,-0.438,0.104
940,1903,5,-0.528,0.464,-0.455,0.169,-0.497,0.139,-0.403,0.140,-0.438,0.103
941,1903,6,-0.380,0.451,-0.474,0.160,-0.492,0.136,-0.404,0.136,-0.437,0.103
942,1903,7,-0.286,0.374,-0.554,0.159,-0.491,0.131,-0.407,0.130,-0.434,0.102
943,1903,8,-0.574,0.602,-0.595,0.210,-0.480,0.125,-0.407,0.125,-0.432,0.101
944,1903,9,-0.257,0.493,-0.632,0.268,-0.474,0.113,-0.406,0.124,-0.431,0.100
945,1903,10,-0.433,0.457,-0.684,0.275,-0.479,0.107,-0.407,0.125,-0.428,0.099
946,1903,11,-0.677,0.382,-0.698,0.284,-0.474,0.097,-0.411,0.124,-0.426,0.099
947,1903,12,-1.019,0.433,-0.725,0.320,-0.473,0.097,-0.409,0.125,-0.423,0.099
948,1904,1,-1.145,0.993,-0.726,0.352,-0.464,0.094,-0.402,0.124,-0.420,0.099
949,1904,2,-1.026,0.546,-0.723,0.363,-0.460,0.098,-0.398,0.121,-0.419,0.100
950,1904,3,-0.913,0.461,-0.738,0.423,-0.451,0.097,-0.394,0.119,-0.417,0.100
951,1904,4,-0.965,0.340,-0.744,0.411,-0.445,0.100,-0.390,0.115,-0.415,0.101
952,1904,5,-0.697,0.413,-0.735,0.402,-0.432,0.109,-0.387,0.111,-0.411,0.100
953,1904,6,-0.708,0.818,-0.711,0.419,-0.423,0.122,-0.386,0.109,-0.408,0.101
954,1904,7,-0.301,0.533,-0.600,0.312,-0.406,0.133,-0.384,0.108,-0.406,0.101
955,1904,8,-0.537,0.673,-0.543,0.304,-0.393,0.131,-0.385,0.104,-0.403,0.101
956,1904,9,-0.436,0.479,-0.473,0.254,-0.385,0.126,-0.383,0.102,-0.401,0.100
957,1904,10,-0.504,0.338,-0.405,0.265,-0.370,0.130,-0.380,0.101,-0.398,0.100
958,1904,11,-0.562,0.415,-0.366,0.287,-0.366,0.137,-0.380,0.102,-0.394,0.101
959,1904,12,-0.740,0.604,-0.270,0.293,-0.359,0.138,-0.379,0.103,-0.390,0.102
960,1905,1,0.185,0.924,-0.224,0.294,-0.359,0.143,-0.378,0.100,-0.387,0.102
961,1905,2,-0.335,0.734,-0.174,0.307,-0.355,0.143,-0.382,0.100,-0.382,0.102
962,1905,3,-0.077,0.958,-0.132,0.325,-0.355,0.140,-0.387,0.100,-0.379,0.102
963,1905,4,-0.142,0.482,-0.080,0.348,-0.350,0.140,-0.391,0.101,-0.376,0.100
964,1905,5,-0.235,0.697,-0.040,0.392,-0.345,0.148,-0.397,0.096,-0.372,0.100
965,1905,6,0.451,0.508,0.013,0.381,-0.341,0.158,-0.403,0.095,-0.370,0.099
966,1905,7,0.249,0.531,-0.013,0.343,-0.333,0.164,-0.404,0.100,-0.368,0.099
967,1905,8,0.061,0.607,0.014,0.298,-0.327,0.166,-0.407,0.104,-0.363,0.099
968,1905,9,0.068,0.430,-0.008,0.257,-0.324,0.173,-0.409,0.106,-0.363,0.098
969,1905,10,0.124,0.515,-0.045,0.238,-0.322,0.177,-0.414,0.110,-0.362,0.098
970,1905,11,-0.091,0.990,-0.052,0.325,-0.314,0.183,-0.413,0.111,-0.360,0.098
971,1905,12,-0.095,0.446,-0.126,0.311,-0.313,0.185,-0.416,0.110,-0.359,0.099
972,1906,1,-0.133,1.031,-0.150,0.382,-0.319,0.187,-0.420,0.112,-0.358,0.101
973,1906,2,-0.013,1.205,-0.187,0.426,-0.313,0.187,-0.419,0.113,-0.356,0.102
974,1906,3,-0.339,1.024,-0.207,0.455,-0.318,0.186,-0.418,0.111,-0.356,0.102
975,1906,4,-0.581,0.591,-0.240,0.444,-0.318,0.186,-0.419,0.111,-0.357,0.102
976,1906,5,-0.320,1.054,-0.239,0.507,-0.323,0.183,-0.417,0.112,-0.359,0.102
977,1906,6,-0.446,0.337,-0.269,0.433,-0.313,0.181,-0.412,0.115,-0.359,0.102
978,1906,7,-0.031,0.810,-0.246,0.342,-0.297,0.182,-0.405,0.117,-0.362,0.103
979,1906,8,-0.384,0.463,-0.283,0.301,-0.287,0.184,-0.404,0.123,-0.363,0.104
980,1906,9,-0.181,0.383,-0.289,0.289,-0.279,0.182,-0.400,0.127,-0.363,0.103
981,1906,10,-0.260,0.250,-0.239,0.280,-0.269,0.181,-0.399,0.132,-0.364,0.104
982,1906,11,-0.080,0.575,-0.257,0.268,-0.259,0.180,-0.394,0.139,-0.366,0.105
983,1906,12,-0.456,0.924,-0.222,0.276,-0.253,0.184,-0.390,0.144,-0.366,0.106
984,1907,1,0.135,0.702,-0.232,0.308,-0.244,0.182,-0.380,0.148,-0.371,0.107
985,1907,2,-0.452,0.548,-0.211,0.322,-0.238,0.179,-0.369,0.147,-0.375,0.108
986,1907,3,-0.410,0.480,-0.228,0.335,-0.232,0.177,-0.360,0.145,-0.378,0.109
987,1907,4,0.015,0.506,-0.232,0.303,-0.226,0.179,-0.353,0.147,-0.379,0.108
988,1907,5,-0.530,0.552,-0.257,0.284,-0.226,0.190,-0.348,0.150,-0.383,0.108
989,1907,6,-0.029,0.434,-0.264,0.288,-0.226,0.196,-0.345,0.152,-0.386,0.107
990,1907,7,-0.148,0.414,-0.250,0.279,-0.232,0.190,-0.344,0.155,-0.387,0.107
991,1907,8,-0.130,0.380,-0.227,0.250,-0.238,0.188,-0.344,0.156,-0.390,0.107
992,1907,9,-0.394,0.252,-0.215,0.249,-0.249,0.194,-0.342,0.155,-0.392,0.107
993,1907,10,-0.307,0.985,-0.237,0.259,-0.258,0.197,-0.341,0.157,-0.394,0.106
994,1907,11,-0.381,0.617,-0.196,0.271,-0.268,0.189,-0.342,0.158,-0.395,0.105
995,1907,12,-0.536,0.502,-0.221,0.239,-0.287,0.184,-0.340,0.158,-0.397,0.104
996,1908,1,0.307,0.353,-0.265,0.214,-0.295,0.189,-0.343,0.158,-0.403,0.102
997,1908,2,-0.186,0.263,-0.273,0.207,-0.302,0.193,-0.340,0.160,-0.407,0.102
998,1908,3,-0.266,0.502,-0.284,0.177,-0.309,0.190,-0.339,0.160,-0.407,0.101
999,1908,4,-0.241,0.546,-0.296,0.252,-0.322,0.189,-0.342,0.163,-0.409,0.101
1000,1908,5,-0.038,0.371,-0.346,0.256,-0.329,0.181,-0.342,0.164,-0.411,0.099
1001,1908,6,-0.330,0.952,-0.336,0.214,-0.340,0.172,-0.343,0.165,-0.415,0.099
1002,1908,7,-0.673,1.221,-0.373,0.211,-0.349,0.174,-0.344,0.168,-0.414,0.098
1003,1908,8,-0.227,0.626,-0.394,0.261,-0.358,0.174,-0.342,0.167,-0.415,0.098
1004,1908,9,-0.536,0.535,-0.411,0.275,-0.361,0.182,-0.344,0.168,-0.414,0.097
1005,1908,10,-0.444,0.443,-0.421,0.344,-0.358,0.186,-0.344,0.164,-0.415,0.097
1006,1908,11,-0.978,0.403,-0.426,0.345,-0.360,0.192,-0.344,0.160,-0.414,0.095
1007,1908,12,-0.426,0.446,-0.428,0.288,-0.351,0.190,-0.339,0.158,-0.414,0.094
1008,1909,1,-0.134,0.546,-0.352,0.196,-0.346,0.195,-0.332,0.156,-0.410,0.092
1009,1909,2,-0.435,0.932,-0.344,0.195,-0.348,0.196,-0.323,0.157,-0.405,0.092
1010,1909,3,-0.469,0.630,-0.307,0.233,-0.349,0.202,-0.319,0.157,-0.401,0.091
1011,1909,4,-0.367,0.651,-0.281,0.210,-0.353,0.205,-0.314,0.158,-0.398,0.090
1012,1909,5,-0.091,0.277,-0.250,0.250,-0.356,0.201,-0.307,0.156,-0.396,0.089
1013,1909,6,-0.353,0.408,-0.276,0.304,-0.356,0.193,-0.304,0.158,-0.394,0.089
1014,1909,7,0.237,0.403,-0.280,0.307,-0.355,0.185,-0.303,0.156,-0.396,0.088
1015,1909,8,-0.135,0.621,-0.301,0.281,-0.345,0.181,-0.300,0.154,-0.396,0.087
1016,1909,9,-0.087,0.245,-0.322,0.304,-0.336,0.182,-0.297,0.153,-0.396,0.087
1017,1909,10,-0.137,0.516,-0.346,0.327,-0.336,0.180,-0.294,0.153,-0.396,0.087
1018,1909,11,-0.601,0.638,-0.409,0.311,-0.330,0.178,-0.289,0.157,-0.396,0.088
1019,1909,12,-0.739,0.755,-0.436,0.298,-0.332,0.180,-0.282,0.159,-0.395,0.089
1020,1910,1,-0.181,0.643,-0.479,0.324,-0.330,0.180,-0.282,0.156,-0.396,0.088
1021,1910,2,-0.686,0.542,-0.494,0.377,-0.333,0.180,-0.278,0.151,-0.397,0.088
1022,1910,3,-0.726,0.752,-0.518,0.387,-0.329,0.183,-0.278,0.150,-0.398,0.089
1023,1910,4,-0.651,0.559,-0.561,0.384,-0.332,0.192,-0.278,0.147,-0.399,0.089
1024,1910,5,-0.850,0.510,-0.553,0.314,-0.338,0.193,-0.275,0.144,-0.401,0.088
1025,1910,6,-0.678,0.390,-0.554,0.237,-0.340,0.182,-0.277,0.141,-0.401,0.089
1026,1910,7,-0.271,1.076,-0.598,0.252,-0.353,0.178,-0.280,0.139,-0.401,0.091
1027,1910,8,-0.320,1.179,-0.583,0.189,-0.352,0.178,-0.278,0.135,-0.403,0.091
1028,1910,9,-0.370,0.255,-0.568,0.161,-0.355,0.166,-0.281,0.133,-0.404,0.092
1029,1910,10,-0.659,0.333,-0.548,0.146,-0.362,0.169,-0.284,0.131,-0.406,0.093
1030,1910,11,-0.505,0.526,-0.514,0.161,-0.370,0.166,-0.286,0.130,-0.404,0.094
1031,1910,12,-0.744,0.662,-0.450,0.150,-0.374,0.160,-0.292,0.132,-0.402,0.095
1032,1911,1,-0.717,0.362,-0.403,0.122,-0.368,0.159,-0.294,0.132,-0.403,0.096
1033,1911,2,-0.499,0.771,-0.419,0.157,-0.371,0.158,-0.295,0.133,-0.403,0.098
1034,1911,3,-0.546,0.314,-0.409,0.167,-0.370,0.160,-0.296,0.137,-0.403,0.098
1035,1911,4,-0.421,0.350,-0.395,0.162,-0.370,0.152,-0.294,0.139,-0.404,0.100
1036,1911,5,-0.433,0.286,-0.376,0.146,-0.364,0.147,-0.296,0.140,-0.404,0.101
1037,1911,6,0.086,0.257,-0.353,0.163,-0.365,0.149,-0.296,0.139,-0.405,0.104
1038,1911,7,0.295,0.257,-0.275,0.172,-0.368,0.149,-0.302,0.142,-0.404,0.106
1039,1911,8,-0.517,0.359,-0.222,0.158,-0.359,0.151,-0.303,0.141,-0.402,0.108
1040,1911,9,-0.253,0.416,-0.162,0.169,-0.358,0.155,-0.304,0.141,-0.401,0.111
1041,1911,10,-0.485,0.285,-0.126,0.176,-0.359,0.159,-0.305,0.142,-0.401,0.112
1042,1911,11,-0.279,0.363,-0.108,0.191,-0.355,0.158,-0.309,0.141,-0.401,0.114
1043,1911,12,-0.464,0.446,-0.125,0.227,-0.355,0.158,-0.313,0.139,-0.398,0.116
1044,1912,1,0.214,0.488,-0.153,0.255,-0.361,0.157,-0.323,0.137,-0.395,0.118
1045,1912,2,0.136,0.284,-0.134,0.268,-0.363,0.159,-0.328,0.136,-0.392,0.119
1046,1912,3,0.172,0.502,-0.127,0.276,-0.362,0.162,-0.333,0.138,-0.392,0.118
1047,1912,4,0.013,0.671,-0.125,0.273,-0.362,0.161,-0.339,0.137,-0.391,0.119
1048,1912,5,-0.212,0.534,-0.168,0.274,-0.351,0.162,-0.345,0.135,-0.390,0.120
1049,1912,6,-0.118,0.916,-0.182,0.244,-0.337,0.160,-0.351,0.135,-0.390,0.120
1050,1912,7,-0.040,0.443,-0.238,0.246,-0.332,0.154,-0.353,0.134,-0.390,0.120
1051,1912,8,-0.293,0.425,-0.263,0.248,-0.317,0.147,-0.358,0.133,-0.391,0.120
1052,1912,9,-0.172,0.286,-0.312,0.203,-0.307,0.144,-0.360,0.134,-0.391,0.120
1053,1912,10,-0.458,0.229,-0.367,0.195,-0.298,0.138,-0.364,0.135,-0.393,0.121
1054,1912,11,-0.791,0.289,-0.395,0.167,-0.282,0.134,-0.367,0.134,-0.391,0.121
1055,1912,12,-0.631,0.325,-0.431,0.149,-0.267,0.130,-0.371,0.132,-0.390,0.123
1056,1913,1,-0.463,0.436,-0.456,0.164,-0.264,0.123,-0.389,0.130,-0.392,0.124
1057,1913,2,-0.158,0.256,-0.463,0.178,-0.254,0.122,-0.401,0.129,-0.391,0.124
1058,1913,3,-0.421,0.934,-0.489,0.197,-0.253,0.124,-0.405,0.127,-0.392,0.126
1059,1913,4,-0.646,0.474,-0.486,0.224,-0.245,0.127,-0.412,0.127,-0.392,0.127
1060,1913,5,-0.551,0.428,-0.474,0.254,-0.243,0.129,-0.420,0.126,-0.392,0.128
1061,1913,6,-0.551,0.276,-0.461,0.273,-0.244,0.137,-0.426,0.125,-0.391,0.128
1062,1913,7,-0.337,0.382,-0.447,0.243,-0.239,0.136,-0.422,0.125,-0.393,0.129
1063,1913,8,-0.372,0.308,-0.428,0.288,-0.232,0.136,-0.423,0.127,-0.393,0.129
1064,1913,9,-0.484,0.565,-0.425,0.248,-0.231,0.137,-0.422,0.129,-0.394,0.130
1065,1913,10,-0.425,0.531,-0.409,0.267,-0.229,0.134,-0.423,0.127,-0.394,0.130
1066,1913,11,-0.650,0.472,-0.347,0.263,-0.231,0.132,-0.418,0.127,-0.393,0.130
1067,1913,12,-0.473,0.433,-0.333,0.244,-0.240,0.135,-0.420,0.128,-0.391,0.130
1068,1914,1,-0.299,0.271,-0.316,0.243,-0.258,0.134,-0.418,0.129,-0.386,0.129
1069,1914,2,0.069,0.607,-0.303,0.256,-0.258,0.132,-0.413,0.129,-0.382,0.129
1070,1914,3,-0.377,0.369,-0.269,0.246,-0.258,0.132,-0.408,0.129,-0.380,0.128
1071,1914,4,-0.460,0.423,-0.242,0.242,-0.257,0.136,-0.406,0.131,-0.377,0.128
1072,1914,5,0.195,0.503,-0.185,0.238,-0.262,0.138,-0.406,0.132,-0.377,0.127
1073,1914,6,-0.381,0.521,-0.136,0.247,-0.269,0.141,-0.402,0.133,-0.376,0.127
1074,1914,7,-0.138,0.253,-0.102,0.228,-0.290,0.139,-0.408,0.132,-0.375,0.126
1075,1914,8,-0.217,0.574,-0.088,0.180,-0.311,0.137,-0.407,0.134,-0.373,0.125
1076,1914,9,-0.074,0.442,-0.066,0.165,-0.329,0.139,-0.409,0.134,-0.373,0.126
1077,1914,10,-0.100,0.412,-0.037,0.143,-0.342,0.147,-0.411,0.132,-0.374,0.124
1078,1914,11,0.036,0.418,-0.046,0.149,-0.359,0.145,-0.412,0.132,-0.375,0.125
1079,1914,12,0.112,0.386,0.004,0.126,-0.371,0.156,-0.411,0.131,-0.376,0.127
1080,1915,1,0.109,0.492,0.009,0.143,-0.375,0.157,-0.414,0.128,-0.380,0.126
1081,1915,2,0.234,0.385,0.050,0.143,-0.383,0.157,-0.412,0.128,-0.383,0.125
1082,1915,3,-0.113,0.442,0.030,0.133,-0.392,0.161,-0.409,0.129,-0.387,0.126
1083,1915,4,-0.108,0.229,0.021,0.127,-0.396,0.162,-0.408,0.129,-0.389,0.125
1084,1915,5,0.090,0.179,-0.013,0.101,-0.395,0.166,-0.404,0.130,-0.390,0.125
1085,1915,6,0.215,0.158,-0.086,0.077,-0.401,0.165,-0.399,0.131,-0.394,0.124
1086,1915,7,-0.075,0.737,-0.132,0.084,-0.425,0.154,-0.397,0.134,-0.396,0.123
1087,1915,8,0.269,0.504,-0.161,0.108,-0.450,0.142,-0.399,0.135,-0.398,0.122
1088,1915,9,-0.312,0.363,-0.188,0.134,-0.455,0.133,-0.398,0.136,-0.400,0.122
1089,1915,10,-0.201,0.465,-0.207,0.145,-0.463,0.138,-0.397,0.137,-0.402,0.122
1090,1915,11,-0.373,0.510,-0.258,0.149,-0.469,0.131,-0.395,0.135,-0.404,0.122
1091,1915,12,-0.768,0.518,-0.316,0.184,-0.478,0.134,-0.389,0.138,-0.407,0.123
1092,1916,1,-0.440,0.461,-0.373,0.217,-0.475,0.135,-0.387,0.139,-0.409,0.123
1093,1916,2,-0.111,0.485,-0.439,0.185,-0.475,0.136,-0.388,0.137,-0.409,0.124
1094,1916,3,-0.437,0.341,-0.436,0.187,-0.475,0.132,-0.389,0.136,-0.408,0.126
1095,1916,4,-0.340,0.233,-0.453,0.208,-0.476,0.129,-0.389,0.137,-0.405,0.127
1096,1916,5,-0.527,0.155,-0.473,0.228,-0.472,0.127,-0.391,0.135,-0.404,0.127
1097,1916,6,-0.482,0.499,-0.480,0.231,-0.475,0.122,-0.397,0.139,-0.403,0.125
1098,1916,7,-0.754,0.446,-0.531,0.244,-0.469,0.121,-0.402,0.140,-0.403,0.126
1099,1916,8,-0.523,0.304,-0.613,0.231,-0.466,0.115,-0.400,0.140,-0.402,0.125
1100,1916,9,-0.282,0.499,-0.656,0.284,-0.458,0.112,-0.402,0.143,-0.403,0.126
1101,1916,10,-0.398,0.679,-0.690,0.319,-0.452,0.115,-0.403,0.143,-0.404,0.126
1102,1916,11,-0.610,0.669,-0.750,0.326,-0.457,0.116,-0.408,0.142,-0.405,0.125
1103,1916,12,-0.861,0.538,-0.777,0.337,-0.449,0.121,-0.407,0.142,-0.405,0.125
1104,1917,1,-1.050,0.665,-0.741,0.333,-0.455,0.121,-0.409,0.142,-0.408,0.125
1105,1917,2,-1.095,0.697,-0.760,0.324,-0.452,0.121,-0.415,0.141,-0.408,0.125
1106,1917,3,-0.954,0.733,-0.795,0.318,-0.456,0.120,-0.423,0.140,-0.408,0.125
1107,1917,4,-0.747,0.549,-0.823,0.275,-0.461,0.117,-0.428,0.141,-0.411,0.125
1108,1917,5,-1.245,0.366,-0.831,0.254,-0.473,0.114,-0.432,0.140,-0.411,0.124
1109,1917,6,-0.801,0.558,-0.844,0.231,-0.485,0.114,-0.435,0.141,-0.413,0.122
1110,1917,7,-0.325,0.337,-0.911,0.208,-0.496,0.117,-0.436,0.142,-0.413,0.122
1111,1917,8,-0.748,0.241,-0.960,0.141,-0.507,0.124,-0.439,0.142,-0.414,0.121
1112,1917,9,-0.701,0.477,-0.940,0.123,-0.512,0.130,-0.440,0.144,-0.414,0.120
1113,1917,10,-0.734,0.348,-0.972,0.133,-0.518,0.135,-0.445,0.139,-0.415,0.121
1114,1917,11,-0.713,0.565,-0.943,0.123,-0.527,0.144,-0.441,0.139,-0.415,0.119
1115,1917,12,-1.010,0.362,-0.968,0.140,-0.531,0.152,-0.440,0.143,-0.414,0.118
1116,1918,1,-1.858,0.692,-0.955,0.122,-0.531,0.164,-0.441,0.141,-0.415,0.119
1117,1918,2,-1.679,1.114,-0.925,0.103,-0.544,0.160,-0.443,0.142,-0.416,0.120
1118,1918,3,-0.723,0.252,-0.902,0.116,-0.544,0.158,-0.445,0.141,-0.416,0.119
1119,1918,4,-1.132,0.282,-0.882,0.147,-0.550,0.157,-0.442,0.143,-0.416,0.118
1120,1918,5,-0.896,0.246,-0.857,0.183,-0.546,0.151,-0.442,0.141,-0.417,0.116
1121,1918,6,-1.092,0.285,-0.829,0.227,-0.534,0.152,-0.439,0.142,-0.417,0.116
1122,1918,7,-0.173,0.328,-0.667,0.212,-0.534,0.156,-0.441,0.141,-0.415,0.117
1123,1918,8,-0.390,0.396,-0.509,0.146,-0.543,0.150,-0.443,0.137,-0.416,0.119
1124,1918,9,-0.425,0.157,-0.437,0.149,-0.547,0.151,-0.445,0.135,-0.414,0.119
1125,1918,10,-0.492,0.303,-0.353,0.152,-0.549,0.152,-0.445,0.135,-0.414,0.118
1126,1918,11,-0.410,0.163,-0.287,0.155,-0.550,0.151,-0.443,0.134,-0.412,0.118
1127,1918,12,-0.683,0.905,-0.190,0.169,-0.554,0.152,-0.442,0.133,-0.411,0.118
1128,1919,1,0.085,0.358,-0.213,0.175,-0.547,0.157,-0.439,0.130,-0.411,0.119
1129,1919,2,0.220,0.424,-0.187,0.202,-0.542,0.159,-0.441,0.127,-0.411,0.121
1130,1919,3,0.144,0.334,-0.177,0.201,-0.546,0.164,-0.442,0.126,-0.412,0.122
1131,1919,4,-0.125,0.398,-0.169,0.181,-0.550,0.155,-0.441,0.124,-0.411,0.123
1132,1919,5,-0.102,0.324,-0.190,0.178,-0.553,0.147,-0.447,0.124,-0.413,0.124
1133,1919,6,0.066,0.463,-0.187,0.180,-0.545,0.145,-0.448,0.123,-0.414,0.124
1134,1919,7,-0.447,0.379,-0.240,0.168,-0.527,0.147,-0.448,0.121,-0.415,0.124
1135,1919,8,-0.075,0.470,-0.294,0.188,-0.519,0.149,-0.447,0.121,-0.415,0.124
1136,1919,9,-0.303,0.230,-0.337,0.201,-0.516,0.145,-0.449,0.121,-0.416,0.125
1137,1919,10,-0.400,0.310,-0.367,0.209,-0.514,0.143,-0.454,0.119,-0.417,0.123
1138,1919,11,-0.656,0.238,-0.397,0.227,-0.505,0.145,-0.462,0.117,-0.417,0.123
1139,1919,12,-0.654,0.540,-0.404,0.250,-0.499,0.143,-0.471,0.115,-0.415,0.122
1140,1920,1,-0.551,0.455,-0.371,0.266,-0.498,0.144,-0.477,0.117,-0.414,0.123
1141,1920,2,-0.426,0.508,-0.409,0.249,-0.495,0.144,-0.488,0.120,-0.411,0.123
1142,1920,3,-0.368,0.475,-0.409,0.246,-0.487,0.145,-0.496,0.124,-0.409,0.124
1143,1920,4,-0.490,0.498,-0.421,0.256,-0.493,0.144,-0.501,0.124,-0.407,0.123
1144,1920,5,-0.459,0.555,-0.381,0.269,-0.487,0.144,-0.506,0.126,-0.405,0.122
1145,1920,6,-0.017,0.627,-0.329,0.345,-0.478,0.149,-0.511,0.128,-0.404,0.121
1146,1920,7,-0.056,0.464,-0.322,0.334,-0.458,0.155,-0.513,0.130,-0.402,0.120
1147,1920,8,-0.534,0.235,-0.340,0.302,-0.436,0.159,-0.519,0.132,-0.400,0.118
1148,1920,9,-0.299,0.303,-0.364,0.290,-0.435,0.161,-0.518,0.131,-0.398,0.118
1149,1920,10,-0.544,0.360,-0.361,0.259,-0.422,0.162,-0.521,0.131,-0.397,0.118
1150,1920,11,-0.178,0.303,-0.375,0.205,-0.416,0.165,-0.523,0.129,-0.396,0.118
1151,1920,12,-0.021,0.810,-0.430,0.196,-0.400,0.162,-0.523,0.130,-0.394,0.119
1152,1921,1,-0.474,0.320,-0.455,0.195,-0.407,0.160,-0.524,0.131,-0.390,0.119
1153,1921,2,-0.641,0.337,-0.430,0.212,-0.411,0.156,-0.523,0.133,-0.385,0.119
1154,1921,3,-0.653,0.298,-0.446,0.252,-0.415,0.155,-0.521,0.133,-0.381,0.118
1155,1921,4,-0.453,0.391,-0.453,0.225,-0.414,0.157,-0.517,0.133,-0.379,0.117
1156,1921,5,-0.631,0.395,-0.506,0.214,-0.414,0.156,-0.513,0.134,-0.376,0.117
1157,1921,6,-0.675,0.723,-0.535,0.192,-0.410,0.156,-0.510,0.132,-0.376,0.117
1158,1921,7,-0.354,0.463,-0.496,0.212,-0.410,0.155,-0.505,0.131,-0.378,0.117
1159,1921,8,-0.234,0.307,-0.492,0.214,-0.416,0.157,-0.501,0.132,-0.374,0.115
1160,1921,9,-0.491,0.825,-0.504,0.223,-0.426,0.157,-0.502,0.134,-0.374,0.116
1161,1921,10,-0.628,0.399,-0.518,0.235,-0.429,0.152,-0.502,0.136,-0.372,0.116
1162,1921,11,-0.813,0.368,-0.521,0.252,-0.437,0.150,-0.501,0.137,-0.373,0.114
1163,1921,12,-0.371,0.360,-0.501,0.220,-0.446,0.146,-0.498,0.138,-0.374,0.114
1164,1922,1,-0.008,0.360,-0.493,0.209,-0.441,0.142,-0.493,0.139,-0.377,0.115
1165,1922,2,-0.590,0.424,-0.522,0.216,-0.441,0.139,-0.488,0.143,-0.378,0.115
1166,1922,3,-0.801,0.391,-0.503,0.242,-0.442,0.142,-0.483,0.143,-0.380,0.115
1167,1922,4,-0.622,0.990,-0.539,0.278,-0.447,0.140,-0.483,0.146,-0.382,0.114
1168,1922,5,-0.667,0.521,-0.502,0.237,-0.451,0.142,-0.478,0.144,-0.382,0.113
1169,1922,6,-0.438,0.241,-0.510,0.239,-0.457,0.142,-0.475,0.142,-0.384,0.113
1170,1922,7,-0.258,0.384,-0.565,0.254,-0.458,0.151,-0.474,0.142,-0.384,0.113
1171,1922,8,-0.580,0.186,-0.546,0.238,-0.469,0.159,-0.470,0.141,-0.385,0.113
1172,1922,9,-0.255,0.385,-0.534,0.257,-0.480,0.168,-0.468,0.140,-0.385,0.113
1173,1922,10,-1.065,1.077,-0.509,0.207,-0.484,0.167,-0.466,0.142,-0.384,0.113
1174,1922,11,-0.370,0.377,-0.498,0.188,-0.484,0.166,-0.464,0.144,-0.383,0.113
1175,1922,12,-0.468,0.486,-0.474,0.170,-0.490,0.165,-0.456,0.143,-0.381,0.114
1176,1923,1,-0.662,0.363,-0.504,0.159,-0.495,0.163,-0.442,0.143,-0.381,0.114
1177,1923,2,-0.367,0.263,-0.504,0.165,-0.493,0.162,-0.430,0.142,-0.381,0.115
1178,1923,3,-0.652,0.356,-0.540,0.191,-0.493,0.164,-0.427,0.141,-0.382,0.116
1179,1923,4,-0.325,0.331,-0.489,0.172,-0.493,0.170,-0.420,0.140,-0.382,0.116
1180,1923,5,-0.535,0.267,-0.491,0.209,-0.499,0.175,-0.414,0.137,-0.381,0.115
1181,1923,6,-0.154,0.389,-0.487,0.247,-0.512,0.190,-0.408,0.135,-0.380,0.114
1182,1923,7,-0.612,0.276,-0.427,0.267,-0.513,0.199,-0.409,0.135,-0.380,0.113
1183,1923,8,-0.590,0.552,-0.409,0.272,-0.503,0.199,-0.409,0.138,-0.379,0.113
1184,1923,9,-0.676,0.676,-0.393,0.288,-0.494,0.206,-0.406,0.138,-0.379,0.113
1185,1923,10,-0.454,0.429,-0.392,0.293,-0.485,0.200,-0.405,0.137,-0.380,0.114
1186,1923,11,-0.398,0.464,-0.396,0.313,-0.476,0.199,-0.405,0.138,-0.380,0.114
1187,1923,12,-0.419,0.622,-0.421,0.330,-0.467,0.189,-0.401,0.134,-0.381,0.114
1188,1924,1,0.057,0.593,-0.382,0.331,-0.462,0.186,-0.404,0.134,-0.385,0.114
1189,1924,2,-0.151,0.428,-0.341,0.284,-0.460,0.189,-0.410,0.137,-0.389,0.113
1190,1924,3,-0.453,0.416,-0.315,0.237,-0.458,0.198,-0.416,0.137,-0.393,0.112
1191,1924,4,-0.318,0.270,-0.332,0.216,-0.455,0.197,-0.417,0.135,-0.394,0.112
1192,1924,5,-0.585,0.358,-0.376,0.242,-0.449,0.199,-0.419,0.134,-0.396,0.112
1193,1924,6,-0.452,0.262,-0.424,0.236,-0.451,0.201,-0.426,0.134,-0.398,0.112
1194,1924,7,-0.143,0.201,-0.482,0.236,-0.458,0.207,-0.422,0.134,-0.398,0.111
1195,1924,8,-0.102,0.266,-0.556,0.275,-0.456,0.207,-0.423,0.133,-0.398,0.111
1196,1924,9,-0.364,0.376,-0.606,0.285,-0.449,0.207,-0.423,0.133,-0.398,0.110
1197,1924,10,-0.657,0.337,-0.638,0.286,-0.451,0.195,-0.422,0.133,-0.400,0.110
1198,1924,11,-0.927,0.821,-0.631,0.261,-0.451,0.186,-0.421,0.133,-0.403,0.109
1199,1924,12,-0.987,0.560,-0.625,0.231,-0.451,0.181,-0.418,0.131,-0.404,0.108
1200,1925,1,-0.642,0.532,-0.643,0.220,-0.450,0.180,-0.414,0.134,-0.405,0.108
1201,1925,2,-1.044,0.625,-0.669,0.223,-0.446,0.178,-0.411,0.137,-0.407,0.109
1202,1925,3,-1.049,0.597,-0.662,0.212,-0.449,0.177,-0.409,0.140,-0.407,0.109
1203,1925,4,-0.703,0.235,-0.652,0.231,-0.439,0.168,-0.407,0.139,-0.408,0.110
1204,1925,5,-0.507,0.337,-0.621,0.210,-0.441,0.172,-0.406,0.138,-0.412,0.111
1205,1925,6,-0.373,0.646,-0.602,0.221,-0.435,0.172,-0.409,0.138,-0.416,0.111
1206,1925,7,-0.364,0.538,-0.595,0.219,-0.426,0.172,-0.407,0.137,-0.416,0.111
1207,1925,8,-0.405,0.350,-0.513,0.204,-0.424,0.176,-0.400,0.135,-0.419,0.112
1208,1925,9,-0.285,0.227,-0.436,0.185,-0.419,0.176,-0.398,0.135,-0.418,0.112
1209,1925,10,-0.540,0.331,-0.370,0.180,-0.419,0.175,-0.397,0.137,-0.418,0.112
1210,1925,11,-0.551,0.388,-0.332,0.187,-0.413,0.171,-0.398,0.138,-0.418,0.111
1211,1925,12,-0.763,0.705,-0.312,0.175,-0.416,0.173,-0.399,0.143,-0.416,0.111
1212,1926,1,-0.556,0.467,-0.288,0.189,-0.411,0.173,-0.393,0.144,-0.415,0.111
1213,1926,2,-0.060,0.309,-0.262,0.193,-0.407,0.170,-0.382,0.143,-0.414,0.112
1214,1926,3,-0.130,0.434,-0.272,0.195,-0.398,0.163,-0.373,0.145,-0.414,0.112
1215,1926,4,0.099,0.423,-0.262,0.198,-0.395,0.158,-0.368,0.143,-0.413,0.112
1216,1926,5,-0.061,0.310,-0.256,0.204,-0.397,0.157,-0.362,0.141,-0.412,0.111
1217,1926,6,-0.131,0.413,-0.233,0.174,-0.392,0.149,-0.355,0.139,-0.412,0.111
1218,1926,7,-0.079,0.253,-0.223,0.158,-0.398,0.145,-0.354,0.138,-0.410,0.110
1219,1926,8,-0.092,0.255,-0.256,0.166,-0.403,0.146,-0.348,0.138,-0.409,0.109
1220,1926,9,-0.396,0.200,-0.275,0.154,-0.405,0.143,-0.345,0.142,-0.409,0.109
1221,1926,10,-0.430,0.349,-0.347,0.170,-0.404,0.143,-0.342,0.140,-0.410,0.109
1222,1926,11,-0.471,0.532,-0.395,0.162,-0.401,0.139,-0.338,0.138,-0.409,0.109
1223,1926,12,-0.496,0.366,-0.423,0.167,-0.405,0.140,-0.341,0.138,-0.406,0.109
1224,1927,1,-0.430,0.497,-0.433,0.169,-0.403,0.142,-0.344,0.140,-0.401,0.108
1225,1927,2,-0.461,0.477,-0.453,0.170,-0.404,0.143,-0.341,0.138,-0.396,0.109
1226,1927,3,-0.357,0.349,-0.459,0.163,-0.404,0.140,-0.338,0.137,-0.391,0.109
1227,1927,4,-0.762,0.290,-0.461,0.152,-0.398,0.139,-0.335,0.130,-0.389,0.109
1228,1927,5,-0.639,0.285,-0.460,0.137,-0.391,0.133,-0.333,0.128,-0.386,0.108
1229,1927,6,-0.467,0.300,-0.428,0.142,-0.380,0.128,-0.333,0.128,-0.383,0.108
1230,1927,7,-0.198,0.208,-0.401,0.128,-0.370,0.125,-0.332,0.128,-0.383,0.108
1231,1927,8,-0.333,0.242,-0.386,0.121,-0.353,0.122,-0.330,0.129,-0.379,0.107
1232,1927,9,-0.463,0.334,-0.383,0.128,-0.339,0.120,-0.330,0.130,-0.377,0.108
1233,1927,10,-0.450,0.325,-0.346,0.131,-0.330,0.119,-0.323,0.126,-0.376,0.109
1234,1927,11,-0.463,0.296,-0.311,0.131,-0.327,0.118,-0.325,0.127,-0.373,0.111
1235,1927,12,-0.118,0.265,-0.298,0.137,-0.329,0.118,-0.323,0.126,-0.371,0.110
1236,1928,1,-0.096,0.286,-0.307,0.144,-0.319,0.118,-0.320,0.127,-0.363,0.110
1237,1928,2,-0.280,0.389,-0.311,0.141,-0.307,0.117,-0.320,0.129,-0.354,0.109
1238,1928,3,-0.328,0.402,-0.281,0.145,-0.303,0.116,-0.319,0.129,-0.352,0.109
1239,1928,4,-0.316,0.230,-0.270,0.142,-0.302,0.114,-0.321,0.128,-0.349,0.109
1240,1928,5,-0.224,0.241,-0.271,0.144,-0.297,0.112,-0.320,0.127,-0.347,0.109
1241,1928,6,-0.310,0.327,-0.274,0.148,-0.286,0.107,-0.321,0.127,-0.343,0.109
1242,1928,7,-0.302,0.265,-0.290,0.137,-0.273,0.102,-0.319,0.127,-0.343,0.109
1243,1928,8,-0.375,0.374,-0.305,0.120,-0.260,0.104,-0.315,0.125,-0.344,0.109
1244,1928,9,-0.108,0.334,-0.326,0.103,-0.251,0.105,-0.313,0.122,-0.343,0.109
1245,1928,10,-0.313,0.203,-0.322,0.106,-0.251,0.108,-0.315,0.121,-0.342,0.109
1246,1928,11,-0.479,0.255,-0.337,0.114,-0.248,0.109,-0.318,0.119,-0.342,0.109
1247,1928,12,-0.161,0.399,-0.366,0.139,-0.244,0.112,-0.320,0.116,-0.340,0.108
1248,1929,1,-0.284,0.457,-0.341,0.139,-0.246,0.112,-0.330,0.116,-0.341,0.108
1249,1929,2,-0.465,0.360,-0.328,0.127,-0.236,0.113,-0.338,0.115,-0.343,0.109
1250,1929,3,-0.578,0.330,-0.346,0.131,-0.232,0.114,-0.343,0.114,-0.345,0.109
1251,1929,4,-0.263,0.229,-0.345,0.138,-0.228,0.111,-0.347,0.115,-0.346,0.108
1252,1929,5,-0.403,0.332,-0.349,0.144,-0.227,0.111,-0.345,0.114,-0.347,0.108
1253,1929,6,-0.664,0.403,-0.361,0.174,-0.230,0.112,-0.348,0.114,-0.349,0.107
1254,1929,7,-0.002,0.193,-0.341,0.194,-0.231,0.108,-0.348,0.115,-0.347,0.108
1255,1929,8,-0.213,0.167,-0.305,0.170,-0.225,0.109,-0.350,0.114,-0.346,0.107
1256,1929,9,-0.328,0.271,-0.273,0.177,-0.227,0.104,-0.348,0.113,-0.347,0.108
1257,1929,10,-0.300,0.261,-0.263,0.181,-0.219,0.102,-0.346,0.113,-0.348,0.109
1258,1929,11,-0.530,0.250,-0.261,0.167,-0.215,0.102,-0.344,0.111,-0.345,0.109
1259,1929,12,-0.301,0.382,-0.244,0.152,-0.214,0.104,-0.338,0.109,-0.344,0.109
1260,1930,1,-0.046,0.371,-0.226,0.141,-0.214,0.106,-0.333,0.107,-0.342,0.110
1261,1930,2,-0.037,0.350,-0.181,0.132,-0.215,0.108,-0.326,0.106,-0.341,0.111
1262,1930,3,-0.191,0.470,-0.160,0.131,-0.211,0.111,-0.317,0.103,-0.339,0.111
1263,1930,4,-0.143,0.106,-0.172,0.133,-0.208,0.112,-0.316,0.103,-0.336,0.111
1264,1930,5,-0.376,0.125,-0.148,0.123,-0.209,0.115,-0.318,0.104,-0.335,0.111
1265,1930,6,-0.456,0.322,-0.130,0.137,-0.211,0.115,-0.321,0.104,-0.334,0.111
1266,1930,7,0.214,0.259,-0.108,0.151,-0.214,0.116,-0.319,0.104,-0.333,0.111
1267,1930,8,0.322,0.514,-0.046,0.165,-0.216,0.113,-0.319,0.104,-0.332,0.110
1268,1930,9,-0.072,0.179,0.002,0.194,-0.219,0.113,-0.318,0.105,-0.332,0.111
1269,1930,10,-0.454,0.222,0.021,0.204,-0.224,0.115,-0.315,0.105,-0.329,0.111
1270,1930,11,-0.231,0.308,0.065,0.213,-0.226,0.118,-0.314,0.104,-0.328,0.112
1271,1930,12,-0.095,0.364,0.111,0.226,-0.225,0.118,-0.310,0.102,-0.328,0.114
1272,1931,1,0.218,0.435,0.078,0.202,-0.226,0.116,-0.307,0.101,-0.325,0.115
1273,1931,2,0.707,0.654,0.093,0.198,-0.223,0.113,-0.304,0.101,-0.321,0.114
1274,1931,3,0.393,0.542,0.086,0.198,-0.229,0.113,-0.307,0.100,-0.315,0.115
1275,1931,4,0.084,0.226,0.106,0.190,-0.234,0.115,-0.309,0.101,-0.311,0.114
1276,1931,5,0.155,0.110,0.093,0.213,-0.239,0.113,-0.311,0.101,-0.307,0.114
1277,1931,6,0.087,0.194,0.045,0.203,-0.248,0.114,-0.314,0.102,-0.301,0.112
1278,1931,7,-0.181,0.345,-0.013,0.168,-0.263,0.117,-0.315,0.102,-0.297,0.111
1279,1931,8,0.501,0.479,-0.082,0.167,-0.272,0.115,-0.317,0.102,-0.296,0.112
1280,1931,9,-0.145,0.266,-0.154,0.137,-0.281,0.115,-0.316,0.100,-0.293,0.113
1281,1931,10,-0.215,0.128,-0.187,0.119,-0.289,0.117,-0.317,0.099,-0.288,0.112
1282,1931,11,-0.389,0.505,-0.233,0.114,-0.290,0.117,-0.317,0.099,-0.284,0.111
1283,1931,12,-0.676,0.254,-0.273,0.120,-0.290,0.115,-0.313,0.098,-0.281,0.111
1284,1932,1,-0.474,0.531,-0.275,0.128,-0.294,0.113,-0.309,0.096,-0.280,0.112
1285,1932,2,-0.127,0.427,-0.347,0.150,-0.295,0.113,-0.305,0.095,-0.274,0.112
1286,1932,3,-0.469,0.319,-0.355,0.150,-0.292,0.111,-0.300,0.094,-0.268,0.111
1287,1932,4,-0.314,0.278,-0.358,0.162,-0.295,0.110,-0.295,0.092,-0.266,0.107
1288,1932,5,-0.392,0.345,-0.368,0.208,-0.297,0.109,-0.295,0.093,-0.263,0.105
1289,1932,6,-0.397,0.442,-0.332,0.223,-0.296,0.108,-0.292,0.094,-0.260,0.105
1290,1932,7,-0.204,0.216,-0.317,0.241,-0.297,0.108,-0.291,0.094,-0.259,0.105
1291,1932,8,-0.365,0.388,-0.339,0.244,-0.298,0.107,-0.287,0.095,-0.257,0.104
1292,1932,9,-0.237,0.264,-0.343,0.243,-0.296,0.104,-0.285,0.096,-0.257,0.104
1293,1932,10,-0.256,0.369,-0.368,0.248,-0.302,0.105,-0.285,0.096,-0.252,0.102
1294,1932,11,-0.507,0.318,-0.364,0.219,-0.308,0.107,-0.283,0.097,-0.253,0.103
1295,1932,12,-0.239,0.218,-0.354,0.181,-0.313,0.108,-0.285,0.097,-0.251,0.103
1296,1933,1,-0.299,0.503,-0.367,0.164,-0.319,0.108,-0.284,0.096,-0.250,0.102
1297,1933,2,-0.385,0.343,-0.351,0.139,-0.331,0.107,-0.277,0.096,-0.249,0.103
1298,1933,3,-0.522,0.377,-0.371,0.130,-0.332,0.107,-0.278,0.095,-0.247,0.103
1299,1933,4,-0.618,0.201,-0.400,0.137,-0.328,0.107,-0.277,0.096,-0.248,0.103
1300,1933,5,-0.342,0.183,-0.422,0.128,-0.330,0.108,-0.279,0.097,-0.249,0.102
1301,1933,6,-0.272,0.182,-0.463,0.129,-0.334,0.108,-0.278,0.098,-0.250,0.102
1302,1933,7,-0.365,0.097,-0.533,0.122,-0.341,0.108,-0.277,0.099,-0.248,0.103
1303,1933,8,-0.174,0.213,-0.588,0.134,-0.349,0.106,-0.278,0.097,-0.246,0.102
1304,1933,9,-0.471,0.161,-0.638,0.135,-0.363,0.105,-0.280,0.097,-0.244,0.101
1305,1933,10,-0.606,0.333,-0.646,0.138,-0.367,0.103,-0.278,0.098,-0.243,0.100
1306,1933,11,-0.770,0.165,-0.655,0.139,-0.375,0.102,-0.278,0.098,-0.245,0.100
1307,1933,12,-0.735,0.195,-0.690,0.149,-0.384,0.100,-0.279,0.098,-0.245,0.098
1308,1934,1,-1.137,0.437,-0.681,0.156,-0.384,0.100,-0.278,0.099,-0.245,0.099
1309,1934,2,-1.042,0.355,-0.689,0.169,-0.398,0.101,-0.277,0.099,-0.245,0.098
1310,1934,3,-1.123,0.303,-0.659,0.163,-0.400,0.097,-0.274,0.099,-0.245,0.098
1311,1934,4,-0.718,0.272,-0.650,0.150,-0.406,0.097,-0.275,0.099,-0.245,0.099
1312,1934,5,-0.447,0.143,-0.642,0.140,-0.407,0.098,-0.275,0.099,-0.243,0.098
1313,1934,6,-0.698,0.214,-0.597,0.126,-0.397,0.096,-0.273,0.099,-0.243,0.098
1314,1934,7,-0.248,0.149,-0.513,0.103,-0.388,0.092,-0.272,0.099,-0.242,0.098
1315,1934,8,-0.276,0.179,-0.434,0.099,-0.385,0.091,-0.270,0.098,-0.242,0.097
1316,1934,9,-0.105,0.153,-0.345,0.103,-0.374,0.090,-0.271,0.098,-0.241,0.096
1317,1934,10,-0.500,0.134,-0.329,0.109,-0.371,0.091,-0.273,0.099,-0.239,0.095
1318,1934,11,-0.670,0.297,-0.354,0.105,-0.374,0.089,-0.269,0.100,-0.235,0.096
1319,1934,12,-0.201,0.296,-0.356,0.114,-0.370,0.087,-0.269,0.101,-0.232,0.094
1320,1935,1,-0.124,0.312,-0.348,0.118,-0.369,0.086,-0.270,0.101,-0.230,0.093
1321,1935,2,-0.101,0.422,-0.360,0.120,-0.359,0.084,-0.271,0.101,-0.227,0.093
1322,1935,3,-0.057,0.278,-0.361,0.134,-0.359,0.085,-0.269,0.101,-0.223,0.091
1323,1935,4,-0.522,0.179,-0.340,0.146,-0.362,0.085,-0.266,0.102,-0.222,0.092
1324,1935,5,-0.741,0.282,-0.314,0.147,-0.357,0.085,-0.264,0.103,-0.222,0.092
1325,1935,6,-0.726,0.273,-0.323,0.151,-0.359,0.086,-0.258,0.102,-0.222,0.092
1326,1935,7,-0.149,0.169,-0.329,0.147,-0.354,0.085,-0.258,0.101,-0.220,0.091
1327,1935,8,-0.426,0.188,-0.300,0.145,-0.338,0.085,-0.264,0.100,-0.216,0.092
1328,1935,9,-0.119,0.262,-0.333,0.137,-0.337,0.085,-0.266,0.100,-0.216,0.092
1329,1935,10,-0.248,0.217,-0.306,0.132,-0.330,0.086,-0.260,0.099,-0.216,0.093
1330,1935,11,-0.349,0.213,-0.268,0.138,-0.332,0.087,-0.258,0.100,-0.215,0.093
1331,1935,12,-0.315,0.271,-0.246,0.144,-0.331,0.088,-0.257,0.100,-0.214,0.093
1332,1936,1,-0.193,0.357,-0.247,0.143,-0.328,0.090,-0.257,0.100,-0.211,0.093
1333,1936,2,0.245,0.295,-0.242,0.143,-0.334,0.091,-0.260,0.099,-0.211,0.092
1334,1936,3,-0.457,0.270,-0.253,0.127,-0.331,0.093,-0.258,0.098,-0.213,0.091
1335,1936,4,-0.189,0.231,-0.283,0.133,-0.323,0.095,-0.254,0.099,-0.213,0.092
1336,1936,5,-0.292,0.187,-0.289,0.140,-0.317,0.097,-0.252,0.099,-0.215,0.092
1337,1936,6,-0.460,0.167,-0.270,0.144,-0.309,0.097,-0.246,0.099,-0.214,0.093
1338,1936,7,-0.164,0.203,-0.249,0.134,-0.294,0.099,-0.241,0.098,-0.212,0.093
1339,1936,8,-0.363,0.232,-0.264,0.122,-0.281,0.101,-0.243,0.097,-0.211,0.094
1340,1936,9,-0.247,0.200,-0.209,0.131,-0.268,0.102,-0.241,0.096,-0.210,0.094
1341,1936,10,-0.614,0.308,-0.208,0.122,-0.260,0.101,-0.235,0.096,-0.209,0.093
1342,1936,11,-0.418,0.273,-0.230,0.123,-0.260,0.102,-0.231,0.097,-0.206,0.094
1343,1936,12,-0.087,0.239,-0.203,0.120,-0.256,0.102,-0.222,0.098,-0.204,0.094
1344,1937,1,0.063,0.234,-0.200,0.118,-0.249,0.101,-0.216,0.099,-0.200,0.094
1345,1937,2,0.065,0.261,-0.154,0.112,-0.245,0.100,-0.208,0.099,-0.199,0.093
1346,1937,3,0.195,0.210,-0.153,0.117,-0.250,0.101,-0.199,0.101,-0.197,0.093
1347,1937,4,-0.173,0.205,-0.139,0.112,-0.251,0.102,-0.196,0.100,-0.195,0.092
1348,1937,5,-0.558,0.248,-0.120,0.120,-0.240,0.103,-0.192,0.099,-0.192,0.092
1349,1937,6,-0.130,0.212,-0.141,0.135,-0.243,0.105,-0.188,0.100,-0.190,0.092
1350,1937,7,-0.135,0.217,-0.145,0.138,-0.243,0.107,-0.186,0.101,-0.188,0.092
1351,1937,8,0.194,0.211,-0.106,0.149,-0.245,0.109,-0.183,0.100,-0.186,0.092
1352,1937,9,-0.236,0.281,-0.159,0.152,-0.242,0.112,-0.183,0.100,-0.183,0.093
1353,1937,10,-0.442,0.205,-0.162,0.160,-0.230,0.114,-0.181,0.098,-0.181,0.093
1354,1937,11,-0.190,0.263,-0.154,0.161,-0.219,0.116,-0.181,0.099,-0.180,0.094
1355,1937,12,-0.347,0.303,-0.160,0.161,-0.204,0.113,-0.179,0.100,-0.181,0.094
1356,1938,1,0.018,0.234,-0.164,0.166,-0.197,0.112,-0.180,0.101,-0.182,0.093
1357,1938,2,0.531,0.303,-0.225,0.166,-0.197,0.110,-0.177,0.102,-0.182,0.093
1358,1938,3,-0.437,0.216,-0.228,0.159,-0.199,0.110,-0.174,0.105,-0.182,0.092
1359,1938,4,-0.212,0.185,-0.204,0.159,-0.192,0.110,-0.175,0.104,-0.180,0.093
1360,1938,5,-0.461,0.225,-0.220,0.158,-0.186,0.113,-0.178,0.104,-0.180,0.093
1361,1938,6,-0.208,0.234,-0.215,0.151,-0.181,0.114,-0.179,0.106,-0.178,0.093
1362,1938,7,-0.176,0.295,-0.233,0.158,-0.174,0.114,-0.177,0.106,-0.177,0.093
1363,1938,8,-0.540,0.271,-0.303,0.150,-0.171,0.115,-0.177,0.107,-0.174,0.093
1364,1938,9,-0.274,0.213,-0.291,0.144,-0.153,0.118,-0.175,0.106,-0.174,0.093
1365,1938,10,-0.147,0.224,-0.297,0.137,-0.141,0.120,-0.172,0.106,-0.173,0.094
1366,1938,11,-0.391,0.245,-0.293,0.131,-0.130,0.123,-0.172,0.107,-0.173,0.094
1367,1938,12,-0.283,0.179,-0.316,0.124,-0.108,0.122,-0.169,0.106,-0.172,0.094
1368,1939,1,-0.202,0.367,-0.287,0.113,-0.098,0.120,-0.159,0.106,-0.170,0.094
1369,1939,2,-0.309,0.306,-0.241,0.118,-0.089,0.119,-0.151,0.107,-0.168,0.094
1370,1939,3,-0.284,0.235,-0.256,0.127,-0.083,0.120,-0.146,0.108,-0.166,0.094
1371,1939,4,-0.293,0.185,-0.290,0.137,-0.064,0.120,-0.143,0.109,-0.165,0.095
1372,1939,5,-0.406,0.213,-0.260,0.142,-0.055,0.122,-0.141,0.107,-0.165,0.094
1373,1939,6,-0.485,0.151,-0.267,0.168,-0.047,0.125,-0.138,0.109,-0.163,0.095
1374,1939,7,0.171,0.354,-0.260,0.164,-0.044,0.130,-0.136,0.108,-0.164,0.095
1375,1939,8,0.005,0.312,-0.252,0.160,-0.032,0.131,-0.134,0.107,-0.163,0.096
1376,1939,9,-0.446,0.252,-0.217,0.164,-0.024,0.134,-0.134,0.107,-0.162,0.096
1377,1939,10,-0.553,0.354,-0.179,0.177,-0.021,0.133,-0.131,0.107,-0.161,0.095
1378,1939,11,-0.035,0.218,-0.152,0.181,-0.010,0.134,-0.125,0.108,-0.161,0.095
1379,1939,12,-0.371,0.329,-0.094,0.175,-0.007,0.137,-0.126,0.106,-0.160,0.096
1380,1940,1,-0.116,0.324,-0.087,0.162,-0.003,0.142,-0.127,0.104,-0.160,0.096
1381,1940,2,-0.210,0.451,-0.122,0.150,-0.006,0.142,-0.128,0.105,-0.160,0.096
1382,1940,3,0.135,0.483,-0.106,0.149,-0.007,0.144,-0.129,0.103,-0.160,0.095
1383,1940,4,0.159,0.269,-0.047,0.146,-0.000,0.145,-0.128,0.104,-0.162,0.095
1384,1940,5,-0.074,0.170,-0.043,0.146,-0.005,0.147,-0.126,0.106,-0.162,0.096
1385,1940,6,0.201,0.193,-0.010,0.157,0.000,0.148,-0.122,0.107,-0.160,0.096
1386,1940,7,0.257,0.142,0.017,0.164,-0.007,0.150,-0.121,0.109,-0.162,0.095
1387,1940,8,-0.409,0.248,0.072,0.160,-0.016,0.152,-0.114,0.111,-0.165,0.094
1388,1940,9,-0.258,0.254,0.112,0.151,-0.012,0.155,-0.114,0.112,-0.166,0.095
1389,1940,10,0.157,0.226,0.140,0.149,-0.020,0.151,-0.117,0.113,-0.166,0.094
1390,1940,11,0.011,0.253,0.180,0.154,-0.023,0.150,-0.117,0.113,-0.167,0.095
1391,1940,12,0.029,0.287,0.234,0.159,-0.027,0.152,-0.119,0.114,-0.169,0.095
1392,1941,1,0.202,0.398,0.250,0.154,-0.027,0.151,-0.116,0.114,-0.173,0.095
1393,1941,2,0.452,0.442,0.299,0.156,-0.021,0.151,-0.118,0.113,-0.178,0.093
1394,1941,3,0.612,0.313,0.328,0.158,-0.019,0.150,-0.119,0.112,-0.180,0.093
1395,1941,4,0.500,0.201,0.359,0.175,-0.021,0.150,-0.117,0.112,-0.181,0.093
1396,1941,5,0.400,0.252,0.369,0.169,-0.027,0.148,-0.119,0.113,-0.183,0.093
1397,1941,6,0.850,0.188,0.401,0.178,-0.030,0.144,-0.114,0.114,-0.182,0.094
1398,1941,7,0.451,0.174,0.401,0.185,-0.025,0.143,-0.110,0.115,-0.181,0.094
1399,1941,8,0.180,0.119,0.431,0.185,-0.021,0.144,-0.106,0.116,-0.182,0.094
1400,1941,9,0.091,0.175,0.433,0.198,-0.024,0.144,-0.105,0.118,-0.182,0.094
1401,1941,10,0.530,0.397,0.392,0.204,-0.026,0.147,-0.101,0.117,-0.181,0.094
1402,1941,11,0.126,0.227,0.367,0.223,-0.023,0.145,-0.096,0.118,-0.178,0.094
1403,1941,12,0.415,0.451,0.304,0.253,-0.020,0.148,-0.095,0.119,-0.173,0.095
1404,1942,1,0.200,0.643,0.275,0.299,-0.023,0.148,-0.090,0.119,-0.170,0.094
1405,1942,2,0.818,0.503,0.257,0.330,-0.023,0.147,-0.092,0.120,-0.170,0.093
1406,1942,3,0.629,1.006,0.226,0.367,-0.018,0.148,-0.094,0.119,-0.168,0.092
1407,1942,4,0.019,0.657,0.179,0.393,-0.012,0.150,-0.094,0.119,-0.167,0.092
1408,1942,5,0.095,0.879,0.129,0.404,-0.010,0.152,-0.089,0.118,-0.165,0.092
1409,1942,6,0.098,0.664,0.092,0.412,-0.008,0.150,-0.088,0.118,-0.163,0.092
1410,1942,7,0.100,0.800,0.042,0.430,-0.011,0.146,-0.085,0.118,-0.162,0.093
1411,1942,8,-0.035,0.722,-0.029,0.460,-0.011,0.148,-0.085,0.118,-0.162,0.093
1412,1942,9,-0.279,0.610,-0.096,0.416,-0.016,0.143,-0.081,0.118,-0.160,0.093
1413,1942,10,-0.038,0.477,-0.158,0.352,-0.026,0.145,-0.077,0.118,-0.159,0.093
1414,1942,11,-0.473,0.438,-0.219,0.306,-0.033,0.146,-0.077,0.118,-0.157,0.093
1415,1942,12,-0.030,0.498,-0.262,0.298,-0.041,0.152,-0.077,0.117,-0.156,0.094
1416,1943,1,-0.404,0.557,-0.284,0.256,-0.044,0.157,-0.080,0.116,-0.154,0.093
1417,1943,2,-0.030,0.435,-0.296,0.239,-0.030,0.162,-0.088,0.115,-0.154,0.093
1418,1943,3,-0.178,0.527,-0.288,0.224,-0.030,0.164,-0.087,0.114,-0.152,0.092
1419,1943,4,-0.722,0.544,-0.309,0.226,-0.041,0.163,-0.084,0.115,-0.150,0.092
1420,1943,5,-0.643,0.395,-0.331,0.217,-0.048,0.162,-0.081,0.115,-0.151,0.091
1421,1943,6,-0.415,0.418,-0.364,0.202,-0.057,0.162,-0.077,0.115,-0.148,0.092
1422,1943,7,-0.160,0.447,-0.322,0.207,-0.058,0.159,-0.076,0.115,-0.148,0.093
1423,1943,8,-0.187,0.407,-0.328,0.207,-0.065,0.156,-0.069,0.116,-0.146,0.093
1424,1943,9,-0.173,0.449,-0.353,0.209,-0.085,0.157,-0.068,0.117,-0.143,0.094
1425,1943,10,-0.290,0.434,-0.326,0.204,-0.093,0.156,-0.068,0.117,-0.140,0.094
1426,1943,11,-0.738,0.464,-0.289,0.205,-0.108,0.156,-0.068,0.116,-0.136,0.094
1427,1943,12,-0.427,0.618,-0.281,0.205,-0.120,0.158,-0.065,0.116,-0.130,0.095
1428,1944,1,0.094,0.413,-0.270,0.202,-0.123,0.159,-0.062,0.116,-0.125,0.094
1429,1944,2,-0.103,0.348,-0.255,0.207,-0.123,0.161,-0.059,0.116,-0.120,0.093
1430,1944,3,-0.478,0.397,-0.253,0.215,-0.126,0.163,-0.057,0.117,-0.116,0.092
1431,1944,4,-0.396,0.536,-0.242,0.220,-0.138,0.162,-0.056,0.116,-0.113,0.092
1432,1944,5,-0.195,0.511,-0.173,0.221,-0.137,0.163,-0.056,0.116,-0.113,0.092
1433,1944,6,-0.317,0.551,-0.159,0.222,-0.143,0.162,-0.054,0.117,-0.112,0.092
1434,1944,7,-0.036,0.474,-0.192,0.224,-0.137,0.161,-0.055,0.118,-0.113,0.092
1435,1944,8,0.002,0.505,-0.201,0.244,-0.153,0.162,-0.056,0.120,-0.113,0.092
1436,1944,9,-0.147,0.491,-0.176,0.273,-0.163,0.151,-0.052,0.120,-0.114,0.092
1437,1944,10,-0.163,0.406,-0.177,0.261,-0.167,0.145,-0.049,0.119,-0.115,0.092
1438,1944,11,0.094,0.463,-0.205,0.239,-0.168,0.137,-0.052,0.119,-0.114,0.092
1439,1944,12,-0.261,0.871,-0.199,0.250,-0.169,0.132,-0.051,0.119,-0.114,0.092
1440,1945,1,-0.307,0.501,-0.191,0.257,-0.168,0.127,-0.049,0.118,-0.115,0.090
1441,1945,2,-0.208,0.623,-0.156,0.255,-0.163,0.124,-0.049,0.116,-0.115,0.090
1442,1945,3,-0.176,0.901,-0.163,0.249,-0.156,0.122,-0.052,0.114,-0.114,0.090
1443,1945,4,-0.416,0.532,-0.194,0.231,-0.153,0.122,-0.057,0.113,-0.113,0.090
1444,1945,5,-0.525,0.414,-0.236,0.221,-0.148,0.121,-0.060,0.114,-0.110,0.091
1445,1945,6,-0.251,0.583,-0.255,0.222,-0.154,0.120,-0.062,0.114,-0.107,0.092
1446,1945,7,0.065,0.659,-0.220,0.225,-0.153,0.117,-0.065,0.114,-0.109,0.092
1447,1945,8,0.423,0.615,-0.198,0.217,-0.160,0.117,-0.066,0.115,-0.110,0.091
1448,1945,9,-0.234,0.413,-0.234,0.254,-0.162,0.114,-0.066,0.116,-0.111,0.091
1449,1945,10,-0.536,0.494,-0.196,0.228,-0.147,0.116,-0.072,0.117,-0.110,0.092
1450,1945,11,-0.411,0.604,-0.191,0.217,-0.138,0.114,-0.075,0.117,-0.109,0.092
1451,1945,12,-0.479,0.891,-0.160,0.205,-0.127,0.113,-0.081,0.116,-0.110,0.092
1452,1946,1,0.111,0.408,-0.144,0.194,-0.125,0.112,-0.088,0.115,-0.111,0.092
1453,1946,2,0.053,0.479,-0.166,0.186,-0.118,0.114,-0.097,0.113,-0.113,0.092
1454,1946,3,-0.604,0.768,-0.154,0.192,-0.117,0.115,-0.102,0.112,-0.111,0.092
1455,1946,4,0.035,0.502,-0.122,0.183,-0.114,0.117,-0.107,0.113,-0.110,0.093
1456,1946,5,-0.471,0.405,-0.076,0.172,-0.109,0.114,-0.113,0.112,-0.111,0.094
1457,1946,6,0.123,0.361,-0.029,0.158,-0.101,0.114,-0.117,0.113,-0.111,0.095
1458,1946,7,0.261,0.377,0.010,0.152,-0.099,0.113,-0.122,0.114,-0.112,0.095
1459,1946,8,0.158,0.443,-0.007,0.135,-0.098,0.112,-0.121,0.115,-0.112,0.095
1460,1946,9,-0.090,0.474,0.044,0.161,-0.089,0.113,-0.122,0.116,-0.113,0.096
1461,1946,10,-0.149,0.432,0.024,0.147,-0.086,0.112,-0.127,0.116,-0.112,0.096
1462,1946,11,0.134,0.316,0.063,0.154,-0.089,0.112,-0.124,0.115,-0.112,0.096
1463,1946,12,0.089,0.279,0.056,0.149,-0.087,0.112,-0.125,0.115,-0.113,0.096
1464,1947,1,0.579,0.363,0.050,0.139,-0.088,0.114,-0.124,0.113,-0.113,0.096
1465,1947,2,-0.148,0.252,0.060,0.133,-0.088,0.117,-0.131,0.112,-0.114,0.096
1466,1947,3,0.002,0.219,0.079,0.126,-0.087,0.119,-0.138,0.107,-0.115,0.096
1467,1947,4,-0.195,0.222,0.102,0.143,-0.086,0.117,-0.138,0.105,-0.115,0.096
1468,1947,5,-0.010,0.338,0.076,0.152,-0.095,0.114,-0.138,0.102,-0.114,0.096
1469,1947,6,0.046,0.292,0.036,0.167,-0.094,0.116,-0.138,0.102,-0.112,0.096
1470,1947,7,0.191,0.313,-0.041,0.147,-0.087,0.117,-0.139,0.101,-0.111,0.097
1471,1947,8,0.271,0.244,-0.064,0.154,-0.086,0.118,-0.140,0.101,-0.112,0.096
1472,1947,9,0.136,0.339,-0.090,0.148,-0.087,0.122,-0.138,0.101,-0.112,0.095
1473,1947,10,0.134,0.378,-0.060,0.142,-0.089,0.117,-0.136,0.102,-0.111,0.095
1474,1947,11,-0.186,0.275,-0.068,0.124,-0.086,0.117,-0.133,0.101,-0.110,0.096
1475,1947,12,-0.390,0.321,-0.050,0.126,-0.084,0.116,-0.132,0.100,-0.108,0.095
1476,1948,1,-0.346,0.555,-0.071,0.134,-0.087,0.115,-0.129,0.099,-0.106,0.095
1477,1948,2,-0.417,0.457,-0.074,0.144,-0.101,0.113,-0.131,0.097,-0.107,0.095
1478,1948,3,-0.314,0.196,-0.096,0.153,-0.101,0.112,-0.130,0.094,-0.104,0.094
1479,1948,4,0.164,0.336,-0.113,0.162,-0.102,0.110,-0.125,0.095,-0.100,0.094
1480,1948,5,-0.103,0.412,-0.138,0.163,-0.102,0.109,-0.123,0.094,-0.098,0.093
1481,1948,6,0.257,0.612,-0.096,0.164,-0.105,0.108,-0.118,0.095,-0.096,0.093
1482,1948,7,-0.057,0.450,-0.051,0.184,-0.119,0.107,-0.120,0.095,-0.092,0.093
1483,1948,8,0.236,0.323,-0.018,0.207,-0.128,0.104,-0.114,0.095,-0.090,0.093
1484,1948,9,-0.125,0.313,0.011,0.234,-0.119,0.112,-0.112,0.096,-0.088,0.093
1485,1948,10,-0.073,0.233,-0.018,0.234,-0.121,0.112,-0.108,0.096,-0.086,0.093
1486,1948,11,-0.481,0.257,-0.045,0.219,-0.118,0.116,-0.100,0.095,-0.085,0.092
1487,1948,12,0.106,0.269,-0.083,0.201,-0.115,0.119,-0.091,0.095,-0.083,0.093
1488,1949,1,0.199,0.314,-0.082,0.186,-0.122,0.115,-0.091,0.093,-0.081,0.092
1489,1949,2,-0.027,0.227,-0.105,0.182,-0.120,0.112,-0.088,0.092,-0.078,0.092
1490,1949,3,0.040,0.427,-0.098,0.169,-0.118,0.108,-0.085,0.090,-0.077,0.091
1491,1949,4,-0.191,0.276,-0.105,0.149,-0.116,0.110,-0.083,0.088,-0.077,0.090
1492,1949,5,-0.425,0.350,-0.099,0.143,-0.111,0.108,-0.085,0.089,-0.075,0.090
1493,1949,6,-0.197,0.388,-0.127,0.144,-0.106,0.109,-0.086,0.090,-0.074,0.089
1494,1949,7,-0.046,0.265,-0.133,0.140,-0.112,0.107,-0.089,0.091,-0.074,0.090
1495,1949,8,-0.043,0.268,-0.143,0.142,-0.109,0.104,-0.092,0.092,-0.075,0.090
1496,1949,9,-0.042,0.145,-0.165,0.128,-0.112,0.101,-0.093,0.093,-0.073,0.089
1497,1949,10,-0.151,0.281,-0.192,0.123,-0.109,0.100,-0.098,0.093,-0.071,0.089
1498,1949,11,-0.409,0.292,-0.188,0.143,-0.108,0.102,-0.102,0.092,-0.071,0.089
1499,1949,12,-0.227,0.204,-0.181,0.128,-0.107,0.106,-0.103,0.092,-0.068,0.089
1500,1950,1,0.127,0.338,-0.188,0.119,-0.110,0.110,-0.103,0.091,-0.068,0.089
1501,1950,2,-0.150,0.298,-0.219,0.112,-0.118,0.113,-0.101,0.090,-0.068,0.088
1502,1950,3,-0.230,0.214,-0.238,0.118,-0.120,0.114,-0.100,0.092,-0.069,0.087
1503,1950,4,-0.514,0.167,-0.273,0.114,-0.119,0.118,-0.098,0.092,-0.070,0.086
1504,1950,5,-0.376,0.192,-0.273,0.118,-0.118,0.119,-0.093,0.093,-0.069,0.086
1505,1950,6,-0.109,0.348,-0.309,0.123,-0.110,0.121,-0.092,0.094,-0.069,0.085
1506,1950,7,-0.132,0.271,-0.378,0.128,-0.104,0.123,-0.097,0.094,-0.071,0.086
1507,1950,8,-0.414,0.127,-0.410,0.108,-0.102,0.123,-0.106,0.093,-0.068,0.087
1508,1950,9,-0.269,0.285,-0.395,0.107,-0.099,0.121,-0.107,0.092,-0.067,0.087
1509,1950,10,-0.570,0.210,-0.361,0.114,-0.103,0.119,-0.104,0.091,-0.067,0.087
1510,1950,11,-0.414,0.282,-0.352,0.127,-0.108,0.114,-0.101,0.091,-0.068,0.087
1511,1950,12,-0.661,0.250,-0.318,0.154,-0.109,0.111,-0.101,0.091,-0.068,0.086
1512,1951,1,-0.697,0.608,-0.317,0.148,-0.114,0.109,-0.106,0.091,-0.069,0.086
1513,1951,2,-0.535,0.277,-0.260,0.153,-0.109,0.109,-0.108,0.091,-0.071,0.085
1514,1951,3,-0.047,0.205,-0.237,0.151,-0.106,0.108,-0.103,0.095,-0.074,0.085
1515,1951,4,-0.104,0.216,-0.194,0.145,-0.102,0.107,-0.104,0.096,-0.076,0.085
1516,1951,5,-0.273,0.405,-0.121,0.135,-0.090,0.106,-0.104,0.097,-0.077,0.085
1517,1951,6,0.300,0.562,-0.036,0.130,-0.082,0.105,-0.108,0.098,-0.082,0.084
1518,1951,7,-0.118,0.351,0.044,0.123,-0.083,0.100,-0.114,0.098,-0.084,0.085
1519,1951,8,0.269,0.190,0.088,0.124,-0.079,0.096,-0.119,0.096,-0.085,0.085
1520,1951,9,0.003,0.228,0.079,0.116,-0.082,0.091,-0.121,0.095,-0.085,0.084
1521,1951,10,-0.047,0.239,0.087,0.108,-0.081,0.087,-0.123,0.094,-0.087,0.085
1522,1951,11,0.454,0.207,0.114,0.095,-0.080,0.086,-0.128,0.094,-0.088,0.084
1523,1951,12,0.368,0.183,0.097,0.094,-0.084,0.086,-0.132,0.094,-0.091,0.084
1524,1952,1,0.265,0.223,0.107,0.106,-0.091,0.085,-0.136,0.094,-0.093,0.083
1525,1952,2,-0.014,0.277,0.069,0.119,-0.096,0.084,-0.136,0.094,-0.098,0.083
1526,1952,3,-0.160,0.258,0.071,0.131,-0.099,0.084,-0.137,0.095,-0.103,0.082
1527,1952,4,-0.001,0.143,0.087,0.149,-0.109,0.083,-0.136,0.096,-0.104,0.082
1528,1952,5,0.053,0.250,0.042,0.163,-0.110,0.083,-0.138,0.097,-0.104,0.081
1529,1952,6,0.094,0.561,0.016,0.173,-0.112,0.080,-0.137,0.097,-0.105,0.081
1530,1952,7,-0.001,0.418,-0.005,0.180,-0.120,0.075,-0.137,0.098,-0.105,0.080
1531,1952,8,-0.189,0.356,-0.025,0.177,-0.117,0.074,-0.140,0.097,-0.107,0.081
1532,1952,9,0.027,0.294,-0.023,0.178,-0.113,0.074,-0.143,0.095,-0.106,0.081
1533,1952,10,0.151,0.370,-0.033,0.175,-0.108,0.077,-0.145,0.095,-0.106,0.082
1534,1952,11,-0.088,0.263,-0.071,0.152,-0.100,0.079,-0.142,0.095,-0.104,0.081
1535,1952,12,0.049,0.205,-0.061,0.131,-0.101,0.081,-0.140,0.094,-0.104,0.080
1536,1953,1,0.023,0.172,-0.091,0.110,-0.107,0.081,-0.131,0.097,-0.106,0.080
1537,1953,2,-0.258,0.238,-0.030,0.105,-0.110,0.080,-0.126,0.097,-0.110,0.080
1538,1953,3,-0.138,0.239,-0.029,0.094,-0.112,0.080,-0.120,0.098,-0.109,0.079
1539,1953,4,-0.121,0.183,-0.024,0.087,-0.105,0.081,-0.116,0.098,-0.104,0.079
1540,1953,5,-0.400,0.224,0.002,0.087,-0.100,0.084,-0.115,0.097,-0.101,0.079
1541,1953,6,0.219,0.306,0.046,0.085,-0.096,0.083,-0.114,0.095,-0.098,0.079
1542,1953,7,-0.365,0.246,0.055,0.089,-0.094,0.082,-0.109,0.096,-0.096,0.078
1543,1953,8,0.538,0.241,0.098,0.093,-0.088,0.086,-0.111,0.096,-0.094,0.079
1544,1953,9,0.044,0.156,0.097,0.081,-0.087,0.084,-0.108,0.096,-0.092,0.079
1545,1953,10,0.214,0.151,0.096,0.088,-0.086,0.085,-0.105,0.095,-0.091,0.079
1546,1953,11,0.221,0.200,0.098,0.084,-0.089,0.084,-0.101,0.095,-0.087,0.078
1547,1953,12,0.573,0.156,0.043,0.079,-0.101,0.085,-0.100,0.095,-0.084,0.078
1548,1954,1,0.128,0.203,0.036,0.086,-0.106,0.090,-0.100,0.095,-0.082,0.078
1549,1954,2,0.258,0.276,-0.040,0.089,-0.118,0.091,-0.096,0.095,-0.082,0.077
1550,1954,3,-0.140,0.277,-0.063,0.088,-0.125,0.092,-0.097,0.091,-0.080,0.076
1551,1954,4,-0.141,0.321,-0.144,0.096,-0.130,0.091,-0.098,0.089,-0.079,0.076
1552,1954,5,-0.377,0.183,-0.198,0.098,-0.145,0.092,-0.095,0.090,-0.077,0.077
1553,1954,6,-0.433,0.374,-0.277,0.117,-0.158,0.091,-0.094,0.086,-0.076,0.077
1554,1954,7,-0.454,0.255,-0.316,0.112,-0.161,0.092,-0.093,0.086,-0.078,0.077
1555,1954,8,-0.374,0.179,-0.335,0.111,-0.162,0.095,-0.094,0.085,-0.078,0.078
1556,1954,9,-0.230,0.227,-0.321,0.134,-0.162,0.098,-0.094,0.085,-0.078,0.078
1557,1954,10,-0.763,0.241,-0.329,0.129,-0.162,0.101,-0.092,0.086,-0.078,0.078
1558,1954,11,-0.426,0.251,-0.291,0.142,-0.169,0.101,-0.089,0.087,-0.078,0.078
1559,1954,12,-0.370,0.304,-0.266,0.147,-0.166,0.099,-0.085,0.086,-0.080,0.078
1560,1955,1,-0.348,0.431,-0.272,0.136,-0.164,0.097,-0.086,0.086,-0.081,0.078
1561,1955,2,0.030,0.335,-0.291,0.137,-0.163,0.094,-0.088,0.086,-0.082,0.078
1562,1955,3,0.038,0.296,-0.302,0.138,-0.166,0.089,-0.086,0.086,-0.082,0.079
1563,1955,4,-0.238,0.327,-0.252,0.136,-0.170,0.087,-0.083,0.085,-0.081,0.078
1564,1955,5,0.076,0.511,-0.226,0.140,-0.167,0.087,-0.078,0.083,-0.080,0.077
1565,1955,6,-0.128,0.254,-0.231,0.137,-0.169,0.086,-0.077,0.081,-0.079,0.077
1566,1955,7,-0.536,0.134,-0.249,0.162,-0.158,0.090,-0.077,0.081,-0.080,0.077
1567,1955,8,-0.592,0.362,-0.265,0.159,-0.150,0.092,-0.070,0.083,-0.083,0.077
1568,1955,9,-0.364,0.179,-0.266,0.145,-0.142,0.093,-0.069,0.082,-0.082,0.076
1569,1955,10,-0.167,0.204,-0.250,0.142,-0.129,0.094,-0.062,0.082,-0.080,0.075
1570,1955,11,-0.109,0.434,-0.295,0.139,-0.121,0.094,-0.060,0.082,-0.076,0.073
1571,1955,12,-0.434,0.286,-0.317,0.148,-0.119,0.094,-0.055,0.081,-0.073,0.073
1572,1956,1,-0.560,0.221,-0.310,0.161,-0.104,0.096,-0.050,0.081,-0.073,0.072
1573,1956,2,-0.170,0.302,-0.300,0.170,-0.114,0.097,-0.045,0.083,-0.071,0.071
1574,1956,3,0.025,0.260,-0.301,0.171,-0.110,0.097,-0.045,0.084,-0.068,0.073
1575,1956,4,-0.044,0.309,-0.318,0.162,-0.108,0.097,-0.045,0.085,-0.067,0.073
1576,1956,5,-0.467,0.318,-0.348,0.143,-0.113,0.096,-0.041,0.081,-0.064,0.073
1577,1956,6,-0.386,0.391,-0.342,0.135,-0.118,0.098,-0.047,0.078,-0.065,0.073
1578,1956,7,-0.449,0.316,-0.291,0.132,-0.118,0.104,-0.046,0.079,-0.065,0.072
1579,1956,8,-0.472,0.213,-0.283,0.126,-0.114,0.106,-0.048,0.079,-0.066,0.070
1580,1956,9,-0.376,0.196,-0.299,0.145,-0.112,0.107,-0.047,0.078,-0.064,0.070
1581,1956,10,-0.377,0.185,-0.296,0.138,-0.114,0.103,-0.048,0.078,-0.064,0.069
1582,1956,11,-0.466,0.258,-0.283,0.143,-0.110,0.104,-0.051,0.078,-0.065,0.069
1583,1956,12,-0.364,0.232,-0.231,0.141,-0.104,0.099,-0.056,0.078,-0.064,0.069
1584,1957,1,0.052,0.244,-0.185,0.140,-0.094,0.098,-0.062,0.079,-0.067,0.069
1585,1957,2,-0.068,0.262,-0.154,0.139,-0.093,0.098,-0.066,0.080,-0.068,0.069
1586,1957,3,-0.170,0.433,-0.134,0.125,-0.089,0.097,-0.069,0.082,-0.068,0.069
1587,1957,4,-0.011,0.348,-0.111,0.146,-0.075,0.099,-0.070,0.082,-0.068,0.069
1588,1957,5,-0.310,0.322,-0.065,0.157,-0.068,0.101,-0.070,0.081,-0.069,0.068
1589,1957,6,0.236,0.322,-0.042,0.160,-0.059,0.102,-0.072,0.078,-0.069,0.068
1590,1957,7,0.100,0.558,0.011,0.165,-0.053,0.105,-0.071,0.076,-0.070,0.068
1591,1957,8,-0.095,0.326,0.037,0.167,-0.058,0.105,-0.074,0.075,-0.071,0.068
1592,1957,9,-0.130,0.381,0.079,0.163,-0.059,0.105,-0.074,0.074,-0.071,0.067
1593,1957,10,-0.109,0.292,0.135,0.133,-0.058,0.100,-0.075,0.074,-0.071,0.067
1594,1957,11,0.084,0.325,0.165,0.138,-0.056,0.094,-0.075,0.073,-0.071,0.066
1595,1957,12,-0.086,0.226,0.173,0.121,-0.052,0.090,-0.076,0.072,-0.071,0.065
1596,1958,1,0.695,0.329,0.212,0.137,-0.047,0.089,-0.083,0.072,-0.070,0.065
1597,1958,2,0.237,0.346,0.217,0.136,-0.030,0.095,-0.089,0.073,-0.067,0.065
1598,1958,3,0.339,0.379,0.251,0.172,-0.026,0.094,-0.088,0.074,-0.065,0.066
1599,1958,4,0.657,0.281,0.287,0.167,-0.020,0.093,-0.084,0.074,-0.066,0.065
1600,1958,5,0.051,0.255,0.273,0.166,-0.020,0.089,-0.078,0.074,-0.067,0.065
1601,1958,6,0.334,0.297,0.302,0.180,-0.013,0.088,-0.078,0.072,-0.067,0.063
1602,1958,7,0.567,0.491,0.257,0.181,-0.005,0.088,-0.072,0.072,-0.068,0.062
1603,1958,8,-0.037,0.365,0.274,0.180,-0.001,0.087,-0.074,0.072,-0.068,0.061
1604,1958,9,0.281,0.226,0.244,0.157,-0.003,0.091,-0.072,0.073,-0.067,0.061
1605,1958,10,0.318,0.252,0.168,0.139,-0.003,0.092,-0.074,0.073,-0.068,0.061
1606,1958,11,-0.079,0.177,0.154,0.139,0.007,0.088,-0.073,0.072,-0.066,0.060
1607,1958,12,0.265,0.305,0.120,0.114,0.007,0.083,-0.078,0.071,-0.066,0.061
1608,1959,1,0.147,0.528,0.083,0.093,0.014,0.082,-0.074,0.073,-0.064,0.060
1609,1959,2,0.451,0.312,0.064,0.100,0.023,0.080,-0.076,0.073,-0.061,0.059
1610,1959,3,-0.021,0.421,0.037,0.104,0.031,0.078,-0.076,0.075,-0.060,0.059
1611,1959,4,-0.257,0.494,0.018,0.122,0.035,0.082,-0.074,0.075,-0.057,0.057
1612,1959,5,-0.117,0.144,0.024,0.140,0.043,0.083,-0.070,0.076,-0.053,0.057
1613,1959,6,-0.072,0.388,0.019,0.160,0.045,0.085,-0.067,0.074,-0.051,0.057
1614,1959,7,0.117,0.497,0.007,0.185,0.036,0.085,-0.068,0.072,-0.050,0.056
1615,1959,8,-0.267,0.238,-0.054,0.152,0.031,0.084,-0.064,0.073,-0.050,0.056
1616,1959,9,-0.037,0.545,-0.054,0.151,0.025,0.080,-0.063,0.072,-0.049,0.056
1617,1959,10,0.089,0.294,-0.045,0.112,0.023,0.074,-0.059,0.072,-0.047,0.056
1618,1959,11,-0.010,0.358,-0.023,0.101,0.029,0.071,-0.053,0.071,-0.044,0.055
1619,1959,12,0.208,0.265,-0.007,0.105,0.022,0.066,-0.057,0.071,-0.043,0.055
1620,1960,1,-0.000,0.172,-0.033,0.086,0.023,0.065,-0.059,0.073,-0.042,0.055
1621,1960,2,-0.279,0.376,0.022,0.102,0.015,0.066,-0.062,0.072,-0.040,0.054
1622,1960,3,-0.027,0.271,0.018,0.116,0.017,0.070,-0.064,0.070,-0.038,0.056
1623,1960,4,-0.144,0.242,0.027,0.117,0.019,0.072,-0.064,0.069,-0.035,0.056
1624,1960,5,0.151,0.326,0.017,0.135,0.017,0.072,-0.067,0.066,-0.032,0.055
1625,1960,6,0.118,0.330,-0.003,0.124,0.017,0.072,-0.066,0.064,-0.032,0.056
1626,1960,7,-0.200,0.288,-0.010,0.110,-0.008,0.070,-0.063,0.064,-0.030,0.056
1627,1960,8,0.389,0.325,0.020,0.113,-0.027,0.069,-0.060,0.066,-0.028,0.056
1628,1960,9,-0.081,0.168,0.016,0.112,-0.033,0.067,-0.057,0.064,-0.027,0.056
1629,1960,10,0.197,0.200,0.021,0.153,-0.038,0.065,-0.055,0.063,-0.026,0.056
1630,1960,11,-0.134,0.285,0.020,0.145,-0.035,0.066,-0.051,0.060,-0.024,0.056
1631,1960,12,-0.031,0.234,-0.018,0.123,-0.036,0.062,-0.046,0.060,-0.021,0.055
1632,1961,1,-0.077,0.241,-0.005,0.126,-0.041,0.061,-0.039,0.058,-0.020,0.054
1633,1961,2,0.082,0.429,-0.035,0.112,-0.035,0.059,-0.035,0.057,-0.020,0.054
1634,1961,3,-0.084,0.389,-0.019,0.130,-0.035,0.060,-0.033,0.055,-0.021,0.054
1635,1961,4,-0.076,0.473,-0.045,0.118,-0.041,0.060,-0.030,0.054,-0.020,0.054
1636,1961,5,0.130,0.416,-0.034,0.115,-0.034,0.059,-0.024,0.055,-0.018,0.054
1637,1961,6,-0.337,0.483,-0.051,0.109,-0.037,0.056,-0.023,0.055,-0.020,0.053
1638,1961,7,-0.042,0.155,-0.083,0.112,-0.030,0.055,-0.017,0.053,-0.019,0.053
1639,1961,8,0.028,0.261,-0.124,0.094,-0.038,0.054,-0.013,0.052,-0.022,0.053
1640,1961,9,0.119,0.483,-0.162,0.083,-0.039,0.058,-0.008,0.052,-0.022,0.054
1641,1961,10,-0.123,0.311,-0.167,0.087,-0.034,0.059,-0.005,0.052,-0.021,0.053
1642,1961,11,0.003,0.302,-0.171,0.083,-0.031,0.059,-0.001,0.053,-0.023,0.053
1643,1961,12,-0.240,0.301,-0.159,0.084,-0.031,0.062,0.004,0.053,-0.026,0.052
1644,1962,1,-0.461,0.364,-0.143,0.074,-0.041,0.061,0.002,0.051,-0.028,0.053
1645,1962,2,-0.401,0.165,-0.192,0.076,-0.035,0.065,-0.001,0.050,-0.027,0.053
1646,1962,3,-0.540,0.428,-0.200,0.116,-0.036,0.068,0.000,0.050,-0.027,0.053
1647,1962,4,-0.137,0.171,-0.190,0.132,-0.042,0.067,-0.001,0.048,-0.029,0.054
1648,1962,5,0.083,0.274,-0.193,0.153,-0.038,0.069,0.001,0.047,-0.029,0.053
1649,1962,6,-0.193,0.322,-0.183,0.163,-0.055,0.068,-0.002,0.047,-0.029,0.053
1650,1962,7,0.144,0.300,-0.208,0.166,-0.065,0.065,-0.004,0.048,-0.026,0.053
1651,1962,8,-0.556,0.299,-0.254,0.171,-0.066,0.059,-0.001,0.051,-0.023,0.052
1652,1962,9,0.017,0.400,-0.211,0.155,-0.068,0.054,0.001,0.053,-0.023,0.051
1653,1962,10,0.005,0.462,-0.170,0.165,-0.070,0.054,0.002,0.053,-0.023,0.051
1654,1962,11,-0.033,0.232,-0.153,0.173,-0.077,0.056,0.000,0.052,-0.020,0.050
1655,1962,12,-0.119,0.277,-0.118,0.151,-0.080,0.059,-0.001,0.053,-0.019,0.050
1656,1963,1,-0.770,0.261,-0.106,0.154,-0.079,0.056,-0.009,0.051,-0.018,0.050
1657,1963,2,-0.954,0.340,-0.034,0.144,-0.091,0.055,-0.007,0.051,-0.014,0.050
1658,1963,3,-0.022,0.267,-0.011,0.140,-0.088,0.054,-0.010,0.052,-0.013,0.050
1659,1963,4,0.356,0.383,-0.015,0.127,-0.091,0.053,-0.015,0.049,-0.011,0.049
1660,1963,5,0.286,0.302,0.016,0.115,-0.081,0.051,-0.019,0.047,-0.010,0.049
1661,1963,6,0.227,0.206,0.032,0.102,-0.078,0.052,-0.020,0.044,-0.010,0.048
1662,1963,7,0.291,0.269,0.145,0.108,-0.074,0.049,-0.026,0.043,-0.006,0.048
1663,1963,8,0.303,0.221,0.221,0.088,-0.068,0.050,-0.025,0.042,-0.008,0.048
1664,1963,9,0.303,0.285,0.216,0.079,-0.062,0.047,-0.027,0.040,-0.010,0.048
1665,1963,10,-0.051,0.229,0.191,0.057,-0.056,0.052,-0.030,0.038,-0.012,0.047
1666,1963,11,0.347,0.220,0.174,0.076,-0.055,0.054,-0.030,0.037,-0.012,0.047
1667,1963,12,0.071,0.244,0.149,0.077,-0.052,0.049,-0.032,0.038,-0.017,0.047
1668,1964,1,0.585,0.301,0.083,0.068,-0.048,0.047,-0.027,0.036,-0.020,0.047
1669,1964,2,-0.044,0.191,0.064,0.071,-0.049,0.042,-0.026,0.036,-0.023,0.046
1670,1964,3,-0.079,0.199,0.031,0.058,-0.046,0.048,-0.023,0.037,-0.024,0.047
1671,1964,4,0.047,0.234,0.014,0.048,-0.046,0.047,-0.016,0.038,-0.024,0.047
1672,1964,5,0.082,0.448,0.004,0.060,-0.045,0.051,-0.012,0.037,-0.024,0.047
1673,1964,6,-0.073,0.320,-0.068,0.080,-0.038,0.053,-0.008,0.039,-0.024,0.047
1674,1964,7,-0.495,0.238,-0.170,0.072,-0.033,0.056,-0.008,0.040,-0.024,0.047
1675,1964,8,0.076,0.513,-0.192,0.074,-0.032,0.056,-0.005,0.042,-0.022,0.047
1676,1964,9,-0.094,0.214,-0.201,0.057,-0.024,0.053,-0.003,0.044,-0.023,0.047
1677,1964,10,-0.259,0.149,-0.227,0.066,-0.024,0.053,-0.001,0.045,-0.020,0.047
1678,1964,11,0.235,0.337,-0.254,0.051,-0.028,0.054,0.001,0.044,-0.017,0.047
1679,1964,12,-0.796,0.243,-0.252,0.073,-0.026,0.055,0.000,0.043,-0.015,0.047
1680,1965,1,-0.642,0.244,-0.225,0.081,-0.030,0.054,0.003,0.042,-0.013,0.047
1681,1965,2,-0.304,0.461,-0.256,0.073,-0.017,0.055,0.008,0.040,-0.013,0.047
1682,1965,3,-0.193,0.417,-0.241,0.083,-0.016,0.055,0.011,0.040,-0.015,0.047
1683,1965,4,-0.259,0.236,-0.220,0.095,-0.015,0.052,0.012,0.041,-0.013,0.046
1684,1965,5,-0.238,0.245,-0.201,0.095,-0.017,0.051,0.014,0.043,-0.015,0.047
1685,1965,6,-0.058,0.474,-0.121,0.105,-0.020,0.053,0.013,0.042,-0.016,0.046
1686,1965,7,-0.163,0.371,-0.052,0.108,-0.010,0.054,0.016,0.042,-0.016,0.046
1687,1965,8,-0.297,0.210,0.008,0.106,0.013,0.063,0.014,0.041,-0.014,0.047
1688,1965,9,0.087,0.449,0.046,0.114,0.014,0.065,0.015,0.044,-0.013,0.047
1689,1965,10,-0.009,0.302,0.094,0.110,0.008,0.064,0.010,0.041,-0.012,0.047
1690,1965,11,0.466,0.252,0.131,0.114,-0.003,0.056,0.011,0.040,-0.014,0.045
1691,1965,12,0.161,0.426,0.118,0.127,-0.005,0.051,0.012,0.039,-0.013,0.045
1692,1966,1,0.179,0.253,0.150,0.108,-0.012,0.053,0.009,0.038,-0.013,0.044
1693,1966,2,0.425,0.234,0.175,0.119,-0.014,0.054,0.005,0.035,-0.012,0.043
1694,1966,3,0.258,0.370,0.191,0.102,-0.019,0.049,0.004,0.035,-0.013,0.042
1695,1966,4,0.316,0.163,0.183,0.087,-0.020,0.044,0.005,0.035,-0.015,0.041
1696,1966,5,0.206,0.344,0.147,0.078,-0.027,0.040,0.005,0.036,-0.013,0.040
1697,1966,6,-0.208,0.197,0.150,0.098,-0.027,0.042,0.007,0.035,-0.012,0.040
1698,1966,7,0.218,0.259,0.122,0.095,-0.024,0.047,0.007,0.036,-0.010,0.039
1699,1966,8,-0.001,0.354,0.055,0.092,-0.015,0.047,0.003,0.036,-0.008,0.039
1700,1966,9,0.277,0.265,0.030,0.094,-0.006,0.045,0.003,0.037,-0.005,0.038
1701,1966,10,-0.105,0.233,-0.007,0.102,0.001,0.046,0.006,0.037,-0.005,0.038
1702,1966,11,0.042,0.250,-0.038,0.148,0.007,0.047,0.005,0.037,-0.003,0.037
1703,1966,12,0.187,0.147,-0.028,0.152,0.014,0.047,0.005,0.039,-0.002,0.037
1704,1967,1,-0.152,0.104,-0.051,0.133,0.026,0.049,0.007,0.040,-0.000,0.037
1705,1967,2,-0.382,0.080,-0.033,0.152,0.024,0.057,0.012,0.040,-0.002,0.036
1706,1967,3,-0.032,0.272,-0.052,0.142,0.031,0.056,0.015,0.039,-0.001,0.035
1707,1967,4,-0.131,0.336,-0.038,0.142,0.041,0.059,0.013,0.039,0.000,0.035
1708,1967,5,-0.165,0.401,-0.055,0.137,0.039,0.057,0.012,0.041,0.002,0.035
1709,1967,6,-0.096,0.265,-0.091,0.142,0.055,0.058,0.015,0.041,0.002,0.036
1710,1967,7,-0.060,0.151,-0.094,0.137,0.071,0.056,0.019,0.043,0.003,0.036
1711,1967,8,0.227,0.448,-0.028,0.185,0.082,0.060,0.027,0.042,0.004,0.036
1712,1967,9,0.048,0.195,-0.023,0.194,0.090,0.057,0.027,0.040,0.005,0.037
1713,1967,10,0.055,0.168,-0.012,0.155,0.095,0.057,0.030,0.037,0.007,0.037
1714,1967,11,-0.155,0.173,-0.029,0.078,0.104,0.067,0.034,0.036,0.007,0.036
1715,1967,12,-0.247,0.172,-0.009,0.088,0.106,0.066,0.038,0.037,0.010,0.037
1716,1968,1,-0.190,0.161,-0.017,0.092,0.112,0.065,0.047,0.036,0.009,0.036
1717,1968,2,0.404,0.665,-0.020,0.118,0.118,0.067,0.060,0.036,0.010,0.036
1718,1968,3,0.037,0.292,-0.023,0.120,0.117,0.071,0.061,0.034,0.010,0.036
1719,1968,4,-0.008,0.283,-0.037,0.140,0.112,0.065,0.061,0.034,0.007,0.037
1720,1968,5,-0.361,0.745,-0.031,0.147,0.104,0.065,0.059,0.035,0.008,0.037
1721,1968,6,0.137,0.296,-0.005,0.141,0.102,0.067,0.058,0.034,0.008,0.037
1722,1968,7,-0.146,0.237,0.075,0.140,0.091,0.067,0.061,0.035,0.006,0.036
1723,1968,8,0.182,0.248,0.085,0.160,0.078,0.061,0.057,0.036,0.008,0.036
1724,1968,9,0.020,0.538,0.117,0.177,0.070,0.059,0.052,0.035,0.007,0.036
1725,1968,10,-0.113,0.399,0.158,0.167,0.067,0.060,0.051,0.033,0.005,0.036
1726,1968,11,-0.083,0.358,0.224,0.141,0.065,0.064,0.048,0.033,0.005,0.036
1727,1968,12,0.061,0.244,0.243,0.135,0.066,0.060,0.044,0.034,0.004,0.037
1728,1969,1,0.767,0.211,0.271,0.107,0.063,0.059,0.034,0.033,0.005,0.037
1729,1969,2,0.523,0.265,0.256,0.104,0.055,0.060,0.030,0.032,0.005,0.037
1730,1969,3,0.422,0.193,0.277,0.091,0.053,0.062,0.028,0.031,0.007,0.037
1731,1969,4,0.488,0.352,0.315,0.102,0.058,0.062,0.026,0.031,0.008,0.036
1732,1969,5,0.427,0.334,0.334,0.127,0.056,0.063,0.022,0.032,0.011,0.035
1733,1969,6,0.370,0.257,0.342,0.130,0.048,0.066,0.019,0.032,0.011,0.034
1734,1969,7,0.189,0.233,0.306,0.113,0.046,0.064,0.020,0.033,0.011,0.034
1735,1969,8,-0.002,0.415,0.289,0.111,0.057,0.064,0.020,0.035,0.014,0.034
1736,1969,9,0.278,0.163,0.280,0.130,0.053,0.065,0.016,0.034,0.014,0.034
1737,1969,10,0.339,0.296,0.243,0.111,0.049,0.061,0.020,0.034,0.015,0.033
1738,1969,11,0.140,0.206,0.234,0.154,0.051,0.061,0.019,0.034,0.015,0.033
1739,1969,12,0.167,0.336,0.208,0.144,0.056,0.061,0.026,0.035,0.015,0.033
1740,1970,1,0.333,0.224,0.205,0.136,0.069,0.063,0.034,0.034,0.018,0.034
1741,1970,2,0.314,0.218,0.212,0.122,0.071,0.061,0.035,0.034,0.021,0.033
1742,1970,3,0.318,0.465,0.191,0.148,0.071,0.058,0.035,0.034,0.023,0.034
1743,1970,4,0.043,0.412,0.136,0.127,0.075,0.057,0.037,0.035,0.023,0.034
1744,1970,5,0.320,0.617,0.122,0.118,0.086,0.057,0.037,0.038,0.024,0.034
1745,1970,6,0.058,0.317,0.113,0.106,0.096,0.055,0.035,0.042,0.026,0.034
1746,1970,7,0.158,0.147,0.047,0.103,0.105,0.054,0.031,0.040,0.029,0.033
1747,1970,8,0.082,0.173,-0.007,0.089,0.107,0.055,0.033,0.041,0.026,0.034
1748,1970,9,0.027,0.563,-0.057,0.058,0.108,0.057,0.032,0.042,0.027,0.034
1749,1970,10,-0.325,0.557,-0.049,0.066,0.114,0.055,0.032,0.043,0.027,0.034
1750,1970,11,-0.025,0.214,-0.067,0.087,0.121,0.046,0.023,0.042,0.027,0.034
1751,1970,12,0.052,0.227,-0.086,0.091,0.121,0.045,0.019,0.042,0.027,0.034
1752,1971,1,-0.454,0.233,-0.096,0.094,0.133,0.046,0.014,0.041,0.028,0.034
1753,1971,2,-0.341,0.359,-0.139,0.092,0.129,0.049,0.010,0.039,0.030,0.035
1754,1971,3,-0.278,0.095,-0.132,0.103,0.122,0.048,0.007,0.039,0.032,0.036
1755,1971,4,0.139,0.281,-0.085,0.064,0.122,0.049,0.000,0.038,0.033,0.036
1756,1971,5,0.109,0.310,-0.093,0.060,0.124,0.048,-0.001,0.038,0.032,0.035
1757,1971,6,-0.174,0.474,-0.117,0.066,0.116,0.044,-0.002,0.039,0.036,0.034
1758,1971,7,0.038,0.131,-0.104,0.069,0.093,0.045,-0.004,0.038,0.037,0.033
1759,1971,8,-0.441,0.188,-0.055,0.089,0.075,0.046,-0.002,0.037,0.041,0.033
1760,1971,9,0.115,0.276,-0.050,0.100,0.062,0.044,-0.003,0.037,0.040,0.035
1761,1971,10,0.244,0.277,-0.095,0.104,0.050,0.048,-0.004,0.036,0.041,0.034
1762,1971,11,-0.127,0.323,-0.106,0.120,0.036,0.049,-0.006,0.035,0.042,0.034
1763,1971,12,-0.240,0.542,-0.075,0.164,0.023,0.052,-0.007,0.034,0.043,0.034
1764,1972,1,-0.292,0.286,-0.020,0.165,0.014,0.053,-0.002,0.035,0.044,0.033
1765,1972,2,0.243,0.285,0.049,0.132,0.016,0.057,-0.003,0.034,0.048,0.033
1766,1972,3,-0.221,0.275,0.041,0.100,0.001,0.058,-0.003,0.035,0.050,0.033
1767,1972,4,-0.394,0.165,0.045,0.072,-0.002,0.061,0.001,0.040,0.049,0.032
1768,1972,5,-0.022,0.178,0.096,0.078,-0.002,0.060,0.004,0.043,0.049,0.031
1769,1972,6,0.197,0.176,0.146,0.105,-0.003,0.060,0.006,0.047,0.052,0.030
1770,1972,7,0.692,0.262,0.198,0.128,-0.004,0.059,0.010,0.049,0.053,0.030
1771,1972,8,0.387,0.375,0.223,0.170,-0.012,0.061,0.008,0.051,0.056,0.030
1772,1972,9,0.023,0.224,0.249,0.213,-0.021,0.057,0.010,0.053,0.057,0.031
1773,1972,10,0.300,0.532,0.314,0.223,-0.021,0.055,0.012,0.054,0.057,0.031
1774,1972,11,0.477,0.311,0.318,0.223,-0.031,0.065,0.014,0.055,0.058,0.031
1775,1972,12,0.363,0.217,0.316,0.237,-0.037,0.065,0.020,0.056,0.059,0.031
1776,1973,1,0.334,0.513,0.307,0.238,-0.050,0.067,0.027,0.057,0.064,0.030
1777,1973,2,0.540,0.483,0.267,0.212,-0.052,0.072,0.027,0.060,0.074,0.029
1778,1973,3,0.093,0.384,0.235,0.215,-0.054,0.076,0.031,0.062,0.080,0.031
1779,1973,4,0.387,0.267,0.196,0.207,-0.048,0.073,0.030,0.063,0.085,0.030
1780,1973,5,0.018,0.128,0.160,0.190,-0.058,0.078,0.036,0.060,0.086,0.030
1781,1973,6,0.181,0.180,0.094,0.161,-0.063,0.078,0.036,0.060,0.087,0.029
1782,1973,7,0.579,0.199,0.016,0.155,-0.062,0.077,0.038,0.060,0.087,0.028
1783,1973,8,-0.097,0.293,-0.073,0.132,-0.058,0.071,0.040,0.061,0.089,0.028
1784,1973,9,-0.361,0.325,-0.110,0.123,-0.055,0.070,0.040,0.061,0.088,0.027
1785,1973,10,-0.158,0.358,-0.163,0.117,-0.066,0.066,0.041,0.061,0.090,0.027
1786,1973,11,0.041,0.189,-0.198,0.128,-0.067,0.067,0.040,0.060,0.089,0.027
1787,1973,12,-0.433,0.400,-0.246,0.123,-0.069,0.066,0.040,0.060,0.086,0.026
1788,1974,1,-0.601,0.491,-0.328,0.121,-0.070,0.065,0.037,0.062,0.082,0.025
1789,1974,2,-0.528,0.308,-0.311,0.104,-0.060,0.066,0.037,0.063,0.080,0.025
1790,1974,3,-0.344,0.240,-0.328,0.087,-0.059,0.070,0.037,0.062,0.078,0.025
1791,1974,4,-0.258,0.167,-0.301,0.077,-0.066,0.071,0.033,0.062,0.077,0.025
1792,1974,5,-0.395,0.126,-0.295,0.070,-0.067,0.076,0.034,0.060,0.074,0.024
1793,1974,6,-0.403,0.194,-0.249,0.088,-0.063,0.083,0.031,0.060,0.073,0.024
1794,1974,7,-0.401,0.282,-0.178,0.101,-0.050,0.084,0.029,0.059,0.074,0.023
1795,1974,8,0.113,0.236,-0.146,0.110,-0.063,0.085,0.033,0.062,0.074,0.023
1796,1974,9,-0.566,0.157,-0.135,0.096,-0.058,0.092,0.031,0.063,0.073,0.023
1797,1974,10,0.161,0.210,-0.111,0.095,-0.046,0.095,0.030,0.064,0.075,0.024
1798,1974,11,0.115,0.269,-0.102,0.104,-0.042,0.102,0.029,0.065,0.073,0.023
1799,1974,12,0.112,0.394,-0.094,0.107,-0.044,0.109,0.031,0.067,0.077,0.023
1800,1975,1,0.258,0.186,-0.114,0.099,-0.048,0.111,0.032,0.068,0.080,0.023
1801,1975,2,-0.145,0.279,-0.126,0.120,-0.055,0.108,0.034,0.070,0.085,0.023
1802,1975,3,-0.217,0.169,-0.084,0.113,-0.052,0.107,0.034,0.072,0.085,0.024
1803,1975,4,0.031,0.313,-0.098,0.125,-0.051,0.103,0.034,0.070,0.087,0.024
1804,1975,5,-0.279,0.290,-0.157,0.144,-0.057,0.101,0.035,0.072,0.088,0.025
1805,1975,6,-0.317,0.394,-0.188,0.159,-0.055,0.101,0.038,0.070,0.089,0.025
1806,1975,7,-0.634,0.217,-0.244,0.142,-0.051,0.098,0.041,0.069,0.088,0.024
1807,1975,8,-0.032,0.352,-0.237,0.120,-0.052,0.095,0.038,0.071,0.090,0.024
1808,1975,9,-0.068,0.280,-0.229,0.115,-0.047,0.093,0.039,0.075,0.089,0.025
1809,1975,10,-0.005,0.385,-0.273,0.098,-0.054,0.096,0.043,0.071,0.088,0.026
1810,1975,11,-0.584,0.278,-0.250,0.121,-0.049,0.100,0.043,0.071,0.086,0.026
1811,1975,12,-0.260,0.190,-0.248,0.136,-0.049,0.101,0.043,0.070,0.086,0.025
1812,1976,1,-0.425,0.345,-0.196,0.132,-0.058,0.102,0.048,0.072,0.085,0.025
1813,1976,2,-0.059,0.246,-0.177,0.106,-0.048,0.103,0.055,0.070,0.084,0.026
1814,1976,3,-0.120,0.337,-0.158,0.129,-0.042,0.104,0.060,0.074,0.081,0.026
1815,1976,4,-0.494,0.288,-0.174,0.124,-0.039,0.103,0.060,0.074,0.079,0.026
1816,1976,5,0.003,0.373,-0.138,0.125,-0.043,0.103,0.058,0.070,0.080,0.026
1817,1976,6,-0.295,0.352,-0.116,0.131,-0.035,0.107,0.066,0.069,0.082,0.026
1818,1976,7,-0.016,0.279,-0.042,0.128,-0.019,0.104,0.067,0.069,0.082,0.027
1819,1976,8,0.195,0.291,-0.083,0.126,-0.001,0.106,0.078,0.070,0.085,0.026
1820,1976,9,0.161,0.264,-0.067,0.153,0.011,0.105,0.076,0.072,0.084,0.026
1821,1976,10,-0.198,0.156,0.002,0.147,0.017,0.105,0.076,0.074,0.084,0.026
1822,1976,11,-0.151,0.166,0.019,0.145,0.032,0.104,0.079,0.076,0.084,0.026
1823,1976,12,0.004,0.213,0.051,0.164,0.038,0.104,0.081,0.078,0.085,0.027
1824,1977,1,0.465,0.197,0.089,0.180,0.044,0.098,0.082,0.077,0.084,0.027
1825,1977,2,-0.545,0.328,0.072,0.185,0.050,0.100,0.083,0.078,0.087,0.028
1826,1977,3,0.067,0.398,0.076,0.190,0.061,0.100,0.085,0.078,0.089,0.029
1827,1977,4,0.333,0.375,0.122,0.210,0.062,0.099,0.086,0.076,0.092,0.030
1828,1977,5,0.206,0.358,0.143,0.223,0.060,0.101,0.087,0.076,0.092,0.031
1829,1977,6,0.091,0.541,0.185,0.229,0.064,0.105,0.088,0.077,0.097,0.032
1830,1977,7,0.442,0.291,0.193,0.232,0.068,0.106,0.086,0.079,0.099,0.032
1831,1977,8,-0.015,0.446,0.277,0.243,0.079,0.108,0.084,0.078,0.099,0.031
1832,1977,9,0.218,0.170,0.309,0.226,0.089,0.110,0.087,0.078,0.101,0.032
1833,1977,10,0.348,0.238,0.277,0.221,0.089,0.108,0.085,0.077,0.103,0.032
1834,1977,11,0.107,0.299,0.283,0.216,0.100,0.107,0.083,0.076,0.106,0.032
1835,1977,12,0.498,0.264,0.292,0.181,0.113,0.103,0.081,0.074,0.110,0.033
1836,1978,1,0.566,0.378,0.260,0.169,0.132,0.101,0.082,0.071,0.114,0.033
1837,1978,2,0.469,0.152,0.302,0.160,0.129,0.101,0.088,0.070,0.115,0.035
1838,1978,3,0.442,0.201,0.285,0.163,0.132,0.103,0.100,0.070,0.116,0.036
1839,1978,4,-0.043,0.513,0.255,0.159,0.135,0.099,0.108,0.070,0.118,0.036
1840,1978,5,0.279,0.234,0.231,0.149,0.143,0.095,0.113,0.071,0.122,0.037
1841,1978,6,0.188,0.232,0.194,0.137,0.149,0.093,0.116,0.070,0.123,0.037
1842,1978,7,0.070,0.309,0.178,0.125,0.158,0.094,0.114,0.070,0.125,0.038
1843,1978,8,0.481,0.164,0.182,0.113,0.167,0.095,0.121,0.070,0.123,0.039
1844,1978,9,0.019,0.265,0.179,0.105,0.176,0.100,0.125,0.069,0.123,0.039
1845,1978,10,-0.011,0.162,0.188,0.098,0.186,0.098,0.129,0.068,0.126,0.040
1846,1978,11,-0.181,0.338,0.207,0.080,0.184,0.090,0.129,0.067,0.127,0.040
1847,1978,12,0.049,0.157,0.188,0.070,0.201,0.087,0.129,0.067,0.127,0.041
1848,1979,1,0.374,0.182,0.181,0.064,0.204,0.086,0.129,0.064,0.126,0.041
1849,1979,2,0.515,0.157,0.178,0.061,0.216,0.087,0.129,0.064,0.125,0.042
1850,1979,3,0.406,0.264,0.186,0.062,0.211,0.086,0.127,0.064,0.122,0.043
1851,1979,4,0.072,0.288,0.206,0.068,0.218,0.087,0.128,0.065,0.119,0.043
1852,1979,5,0.502,0.280,0.219,0.076,0.226,0.086,0.126,0.065,0.116,0.042
1853,1979,6,-0.035,0.264,0.245,0.082,0.224,0.084,0.128,0.066,0.115,0.043
1854,1979,7,-0.023,0.309,0.256,0.084,0.214,0.080,0.129,0.063,0.115,0.045
1855,1979,8,0.451,0.237,0.258,0.095,0.230,0.081,0.129,0.062,0.116,0.045
1856,1979,9,0.116,0.144,0.256,0.093,0.227,0.074,0.130,0.061,0.114,0.045
1857,1979,10,0.230,0.172,0.249,0.082,0.219,0.068,0.130,0.060,0.113,0.046
1858,1979,11,-0.028,0.240,0.243,0.081,0.216,0.063,0.128,0.060,0.113,0.046
1859,1979,12,0.363,0.257,0.284,0.082,0.221,0.061,0.127,0.060,0.113,0.045
1860,1980,1,0.501,0.224,0.327,0.093,0.221,0.064,0.127,0.060,0.112,0.045
1861,1980,2,0.536,0.352,0.268,0.100,0.223,0.068,0.134,0.061,0.114,0.046
1862,1980,3,0.388,0.234,0.269,0.101,0.227,0.068,0.136,0.062,0.116,0.046
1863,1980,4,-0.010,0.248,0.264,0.109,0.221,0.070,0.136,0.063,0.119,0.047
1864,1980,5,0.424,0.139,0.262,0.114,0.223,0.068,0.139,0.066,0.119,0.048
1865,1980,6,0.457,0.255,0.237,0.114,0.216,0.064,0.144,0.066,0.121,0.047
1866,1980,7,0.500,0.275,0.205,0.119,0.214,0.061,0.145,0.064,0.120,0.047
1867,1980,8,-0.257,0.476,0.200,0.115,0.229,0.064,0.147,0.063,0.122,0.047
1868,1980,9,0.122,0.199,0.203,0.116,0.247,0.068,0.146,0.065,0.122,0.047
1869,1980,10,0.167,0.178,0.211,0.112,0.270,0.066,0.144,0.063,0.123,0.046
1870,1980,11,-0.054,0.303,0.170,0.111,0.275,0.067,0.149,0.062,0.126,0.046
1871,1980,12,0.066,0.179,0.189,0.108,0.281,0.066,0.153,0.062,0.126,0.046
1872,1981,1,0.115,0.259,0.162,0.097,0.285,0.070,0.155,0.063,0.130,0.046
1873,1981,2,0.485,0.293,0.261,0.105,0.290,0.071,0.158,0.063,0.134,0.045
1874,1981,3,0.417,0.366,0.240,0.097,0.291,0.074,0.155,0.063,0.136,0.044
1875,1981,4,0.095,0.307,0.244,0.105,0.297,0.075,0.158,0.062,0.137,0.044
1876,1981,5,-0.077,0.443,0.273,0.105,0.301,0.077,0.162,0.061,0.136,0.046
1877,1981,6,0.692,0.305,0.262,0.104,0.292,0.079,0.166,0.061,0.140,0.045
1878,1981,7,0.168,0.210,0.240,0.091,0.277,0.079,0.169,0.060,0.142,0.044
1879,1981,8,0.931,0.215,0.234,0.076,0.260,0.079,0.173,0.060,0.146,0.044
1880,1981,9,-0.124,0.215,0.191,0.085,0.243,0.078,0.171,0.059,0.146,0.044
1881,1981,10,0.213,0.213,0.167,0.098,0.238,0.076,0.172,0.058,0.144,0.044
1882,1981,11,0.301,0.084,0.176,0.094,0.221,0.083,0.174,0.057,0.144,0.044
1883,1981,12,-0.076,0.181,0.153,0.082,0.218,0.083,0.176,0.058,0.143,0.044
1884,1982,1,-0.140,0.149,0.174,0.084,0.214,0.081,0.170,0.060,0.146,0.044
1885,1982,2,0.408,0.155,0.108,0.090,0.208,0.076,0.178,0.060,0.147,0.044
1886,1982,3,-0.096,0.179,0.152,0.097,0.200,0.071,0.181,0.060,0.150,0.044
1887,1982,4,-0.199,0.424,0.134,0.106,0.199,0.071,0.182,0.063,0.155,0.044
1888,1982,5,0.034,0.361,0.128,0.085,0.196,0.070,0.180,0.065,0.155,0.044
1889,1982,6,0.417,0.256,0.143,0.082,0.190,0.073,0.187,0.070,0.155,0.044
1890,1982,7,0.421,0.324,0.193,0.095,0.187,0.074,0.188,0.070,0.152,0.044
1891,1982,8,0.135,0.164,0.272,0.119,0.190,0.077,0.190,0.071,0.151,0.044
1892,1982,9,0.411,0.207,0.404,0.111,0.182,0.086,0.192,0.072,0.151,0.042
1893,1982,10,-0.012,0.193,0.535,0.110,0.183,0.088,0.194,0.075,0.151,0.042
1894,1982,11,0.236,0.258,0.580,0.111,0.177,0.092,0.199,0.077,0.147,0.042
1895,1982,12,0.102,0.305,0.593,0.110,0.175,0.088,0.199,0.079,0.144,0.042
1896,1983,1,0.463,0.298,0.580,0.094,0.159,0.085,0.201,0.080,0.143,0.042
1897,1983,2,1.355,0.519,0.633,0.104,0.166,0.090,0.203,0.083,0.142,0.042
1898,1983,3,1.486,0.246,0.609,0.138,0.161,0.091,0.202,0.085,0.140,0.041
1899,1983,4,1.377,0.221,0.637,0.149,0.154,0.091,0.205,0.088,0.139,0.041
1900,1983,5,0.575,0.445,0.623,0.156,0.154,0.091,0.208,0.091,0.139,0.041
1901,1983,6,0.566,0.252,0.574,0.187,0.156,0.094,0.210,0.091,0.141,0.040
1902,1983,7,0.270,0.214,0.491,0.171,0.153,0.096,0.211,0.094,0.140,0.041
1903,1983,8,0.764,0.319,0.334,0.151,0.149,0.099,0.206,0.096,0.143,0.042
1904,1983,9,0.127,0.509,0.160,0.163,0.133,0.107,0.206,0.100,0.145,0.043
1905,1983,10,0.321,0.326,0.030,0.167,0.131,0.107,0.212,0.101,0.145,0.042
1906,1983,11,0.068,0.201,-0.063,0.167,0.139,0.106,0.214,0.103,0.145,0.042
1907,1983,12,-0.482,0.162,-0.127,0.170,0.132,0.103,0.214,0.105,0.149,0.042
1908,1984,1,-0.539,0.257,-0.174,0.156,0.134,0.102,0.215,0.106,0.154,0.042
1909,1984,2,-0.526,0.205,-0.228,0.120,0.129,0.103,0.213,0.107,0.159,0.042
1910,1984,3,-0.603,0.267,-0.272,0.095,0.131,0.104,0.207,0.108,0.159,0.043
1911,1984,4,-0.185,0.348,-0.284,0.101,0.126,0.106,0.205,0.106,0.161,0.043
1912,1984,5,-0.538,0.427,-0.307,0.120,0.122,0.106,0.198,0.104,0.163,0.043
1913,1984,6,-0.204,0.305,-0.266,0.135,0.128,0.113,0.199,0.104,0.166,0.043
1914,1984,7,-0.292,0.273,-0.196,0.147,0.126,0.121,0.202,0.106,0.170,0.044
1915,1984,8,0.119,0.403,-0.093,0.162,0.126,0.126,0.199,0.105,0.172,0.044
1916,1984,9,-0.409,0.200,-0.049,0.181,0.135,0.124,0.196,0.103,0.176,0.043
1917,1984,10,0.180,0.130,-0.028,0.169,0.145,0.124,0.196,0.104,0.176,0.043
1918,1984,11,-0.199,0.341,0.023,0.152,0.144,0.123,0.197,0.104,0.176,0.044
1919,1984,12,0.010,0.201,0.065,0.121,0.154,0.123,0.195,0.104,0.179,0.044
1920,1985,1,0.301,0.245,0.051,0.129,0.156,0.120,0.193,0.103,0.180,0.044
1921,1985,2,0.709,0.366,0.056,0.140,0.156,0.119,0.195,0.106,0.180,0.045
1922,1985,3,-0.083,0.545,0.075,0.158,0.158,0.121,0.197,0.105,0.182,0.044
1923,1985,4,0.068,0.203,0.041,0.158,0.167,0.126,0.203,0.108,0.182,0.044
1924,1985,5,0.076,0.293,0.053,0.162,0.175,0.130,0.204,0.107,0.185,0.045
1925,1985,6,0.300,0.189,0.068,0.159,0.182,0.135,0.203,0.105,0.189,0.045
1926,1985,7,-0.461,0.269,0.035,0.162,0.187,0.135,0.199,0.103,0.192,0.045
1927,1985,8,0.177,0.241,-0.003,0.152,0.177,0.139,0.206,0.104,0.192,0.046
1928,1985,9,-0.175,0.180,-0.039,0.133,0.158,0.142,0.204,0.102,0.195,0.046
1929,1985,10,-0.231,0.179,-0.048,0.143,0.140,0.146,0.204,0.102,0.196,0.046
1930,1985,11,-0.051,0.199,-0.022,0.154,0.140,0.145,0.208,0.100,0.199,0.046
1931,1985,12,0.190,0.258,-0.024,0.160,0.138,0.142,0.209,0.099,0.201,0.045
1932,1986,1,-0.104,0.288,0.038,0.154,0.138,0.143,0.212,0.100,0.203,0.045
1933,1986,2,0.256,0.291,0.079,0.139,0.123,0.144,0.213,0.098,0.203,0.044
1934,1986,3,-0.508,0.308,0.089,0.137,0.121,0.145,0.212,0.098,0.205,0.043
1935,1986,4,-0.051,0.295,0.105,0.145,0.127,0.147,0.214,0.097,0.207,0.043
1936,1986,5,0.395,0.443,0.114,0.139,0.127,0.147,0.214,0.096,0.208,0.043
1937,1986,6,0.281,0.115,0.123,0.151,0.137,0.149,0.214,0.093,0.211,0.043
1938,1986,7,0.277,0.154,0.106,0.175,0.153,0.149,0.217,0.090,0.213,0.041
1939,1986,8,0.672,0.272,0.122,0.177,0.166,0.151,0.213,0.091,0.213,0.042
1940,1986,9,-0.057,0.147,0.200,0.158,0.171,0.152,0.216,0.091,0.213,0.041
1941,1986,10,-0.041,0.180,0.236,0.159,0.172,0.149,0.213,0.091,0.214,0.040
1942,1986,11,0.057,0.199,0.202,0.168,0.176,0.139,0.208,0.091,0.217,0.040
1943,1986,12,0.294,0.321,0.262,0.174,0.180,0.136,0.205,0.093,0.218,0.040
1944,1987,1,-0.304,0.538,0.283,0.157,0.190,0.143,0.209,0.092,0.220,0.040
1945,1987,2,0.444,0.291,0.243,0.154,0.189,0.142,0.210,0.092,0.225,0.041
1946,1987,3,0.435,0.178,0.291,0.154,0.193,0.142,0.216,0.092,0.226,0.041
1947,1987,4,0.374,0.347,0.336,0.173,0.192,0.146,0.224,0.088,0.226,0.044
1948,1987,5,-0.012,0.356,0.390,0.182,0.198,0.144,0.223,0.086,0.229,0.046
1949,1987,6,1.003,0.354,0.410,0.173,0.199,0.140,0.222,0.083,0.232,0.049
1950,1987,7,0.534,0.297,0.499,0.148,0.198,0.137,0.218,0.084,0.235,0.050
1951,1987,8,0.186,0.332,0.524,0.148,0.201,0.139,0.219,0.083,0.239,0.052
1952,1987,9,0.528,0.212,0.518,0.157,0.213,0.130,0.215,0.082,0.242,0.052
1953,1987,10,0.499,0.320,0.512,0.153,0.224,0.133,0.217,0.080,0.243,0.055
1954,1987,11,0.693,0.257,0.563,0.149,0.230,0.129,0.211,0.079,0.247,0.056
1955,1987,12,0.544,0.243,0.514,0.138,0.232,0.128,0.208,0.081,0.249,0.057
1956,1988,1,0.762,0.185,0.491,0.165,0.240,0.127,0.205,0.080,0.253,0.057
1957,1988,2,0.742,0.339,0.464,0.203,0.245,0.122,0.196,0.079,0.259,0.058
1958,1988,3,0.357,0.201,0.424,0.229,0.248,0.119,0.181,0.080,0.265,0.059
1959,1988,4,0.309,0.346,0.435,0.222,0.253,0.118,0.170,0.080,0.272,0.060
1960,1988,5,0.594,0.325,0.385,0.213,0.262,0.113,0.166,0.078,0.277,0.060
1961,1988,6,0.415,0.301,0.349,0.211,0.261,0.110,0.166,0.076,0.280,0.060
1962,1988,7,0.266,0.256,0.323,0.212,0.271,0.108,0.166,0.078,0.282,0.060
1963,1988,8,-0.136,0.416,0.278,0.214,0.276,0.102,0.166,0.076,0.281,0.059
1964,1988,9,0.042,0.392,0.227,0.221,0.291,0.095,0.165,0.077,0.283,0.059
1965,1988,10,0.626,0.252,0.191,0.197,0.298,0.094,0.161,0.077,0.286,0.057
1966,1988,11,0.097,0.066,0.113,0.164,0.290,0.093,0.161,0.077,0.290,0.057
1967,1988,12,0.109,0.246,0.085,0.162,0.296,0.089,0.169,0.077,0.292,0.056
1968,1989,1,0.458,0.216,0.088,0.168,0.301,0.085,0.179,0.075,0.293,0.056
1969,1989,2,0.201,0.311,0.105,0.130,0.297,0.087,0.189,0.077,0.294,0.056
1970,1989,3,-0.260,0.220,0.086,0.108,0.302,0.089,0.192,0.080,0.293,0.056
1971,1989,4,-0.118,0.283,0.045,0.111,0.299,0.087,0.194,0.079,0.295,0.054
1972,1989,5,-0.346,0.242,0.050,0.107,0.294,0.087,0.200,0.078,0.293,0.053
1973,1989,6,0.084,0.251,0.045,0.106,0.282,0.084,0.203,0.077,0.294,0.052
1974,1989,7,0.304,0.370,0.029,0.092,0.293,0.076,0.212,0.078,0.295,0.051
1975,1989,8,0.060,0.329,0.084,0.097,0.293,0.074,0.215,0.080,0.293,0.051
1976,1989,9,-0.179,0.191,0.160,0.102,0.297,0.078,0.221,0.079,0.294,0.050
1977,1989,10,0.128,0.205,0.229,0.097,0.303,0.073,0.222,0.079,0.293,0.050
1978,1989,11,0.153,0.125,0.296,0.092,0.302,0.073,0.225,0.079,0.295,0.050
1979,1989,12,0.058,0.158,0.325,0.074,0.291,0.072,0.231,0.078,0.296,0.050
1980,1990,1,0.266,0.111,0.297,0.079,0.280,0.078,0.233,0.078,0.294,0.050
1981,1990,2,0.853,0.481,0.335,0.079,0.281,0.080,0.226,0.078,0.293,0.051
1982,1990,3,0.660,0.297,0.347,0.083,0.272,0.075,0.228,0.074,0.293,0.051
1983,1990,4,0.706,0.341,0.346,0.087,0.266,0.070,0.228,0.073,0.294,0.052
1984,1990,5,0.456,0.209,0.374,0.073,0.248,0.068,0.230,0.071,0.296,0.052
1985,1990,6,0.433,0.180,0.377,0.067,0.234,0.068,0.233,0.071,0.293,0.052
1986,1990,7,-0.024,0.305,0.397,0.064,0.224,0.066,0.239,0.069,0.294,0.051
1987,1990,8,0.510,0.212,0.374,0.095,0.216,0.067,0.237,0.068,0.296,0.052
1988,1990,9,-0.031,0.434,0.349,0.099,0.203,0.068,0.243,0.068,0.296,0.052
1989,1990,10,0.113,0.104,0.322,0.126,0.200,0.070,0.248,0.067,0.298,0.052
1990,1990,11,0.494,0.374,0.276,0.118,0.192,0.069,0.250,0.066,0.300,0.051
1991,1990,12,0.088,0.108,0.293,0.120,0.195,0.072,0.249,0.065,0.302,0.050
1992,1991,1,0.503,0.144,0.343,0.121,0.194,0.073,0.251,0.064,0.303,0.050
1993,1991,2,0.575,0.247,0.337,0.122,0.209,0.070,0.248,0.063,0.302,0.050
1994,1991,3,0.370,0.374,0.360,0.125,0.209,0.071,0.255,0.061,0.303,0.051
1995,1991,4,0.374,0.320,0.335,0.141,0.196,0.072,0.255,0.059,0.304,0.051
1996,1991,5,-0.089,0.297,0.272,0.159,0.196,0.071,0.254,0.057,0.306,0.049
1997,1991,6,0.629,0.291,0.228,0.167,0.201,0.070,0.255,0.057,0.304,0.049
1998,1991,7,0.580,0.346,0.217,0.180,0.205,0.069,0.257,0.054,0.307,0.048
1999,1991,8,0.433,0.344,0.207,0.180,0.213,0.072,0.253,0.054,0.305,0.047
2000,1991,9,0.254,0.331,0.231,0.179,0.212,0.077,0.256,0.052,0.307,0.048
2001,1991,10,-0.189,0.286,0.261,0.168,0.216,0.074,0.257,0.051,0.308,0.047
2002,1991,11,-0.269,0.196,0.265,0.201,0.224,0.078,0.260,0.050,0.308,0.047
2003,1991,12,-0.434,0.238,0.240,0.182,0.226,0.080,0.260,0.048,0.310,0.047
2004,1992,1,0.373,0.304,0.180,0.184,0.233,0.083,0.269,0.045,0.313,0.046
2005,1992,2,0.450,0.328,0.165,0.172,0.240,0.081,0.271,0.045,0.314,0.047
2006,1992,3,0.660,0.355,0.141,0.160,0.250,0.077,0.271,0.048,0.317,0.047
2007,1992,4,0.732,0.292,0.172,0.144,0.252,0.076,0.271,0.051,0.320,0.046
2008,1992,5,-0.045,0.423,0.161,0.151,0.252,0.074,0.278,0.051,0.323,0.044
2009,1992,6,0.333,0.277,0.170,0.134,0.263,0.070,0.277,0.053,0.324,0.044
2010,1992,7,-0.134,0.279,0.152,0.122,0.267,0.070,0.281,0.057,0.326,0.044
2011,1992,8,0.248,0.213,0.138,0.111,0.252,0.073,0.289,0.059,0.329,0.044
2012,1992,9,-0.036,0.282,0.049,0.115,0.242,0.071,0.292,0.059,0.329,0.045
2013,1992,10,0.184,0.423,-0.001,0.101,0.233,0.072,0.293,0.061,0.332,0.044
2014,1992,11,-0.392,0.222,0.009,0.088,0.230,0.071,0.294,0.063,0.333,0.045
2015,1992,12,-0.327,0.209,0.030,0.077,0.234,0.068,0.299,0.063,0.336,0.045
2016,1993,1,0.151,0.249,0.062,0.067,0.239,0.063,0.305,0.062,0.337,0.045
2017,1993,2,0.281,0.184,0.103,0.065,0.230,0.059,0.315,0.062,0.333,0.044
2018,1993,3,-0.401,0.152,0.112,0.067,0.238,0.054,0.327,0.064,0.331,0.045
2019,1993,4,0.127,0.201,0.084,0.090,0.242,0.055,0.339,0.065,0.326,0.045
2020,1993,5,0.072,0.168,0.123,0.101,0.237,0.060,0.346,0.064,0.328,0.044
2021,1993,6,0.591,0.156,0.184,0.100,0.238,0.061,0.350,0.064,0.329,0.043
2022,1993,7,0.246,0.309,0.232,0.109,0.231,0.062,0.352,0.063,0.330,0.042
2023,1993,8,0.747,0.275,0.262,0.131,0.219,0.062,0.355,0.060,0.330,0.041
2024,1993,9,0.069,0.324,0.270,0.174,0.220,0.059,0.360,0.057,0.331,0.040
2025,1993,10,-0.153,0.257,0.268,0.159,0.212,0.060,0.361,0.056,0.331,0.040
2026,1993,11,0.069,0.178,0.275,0.180,0.218,0.058,0.367,0.054,0.332,0.040
2027,1993,12,0.414,0.235,0.244,0.193,0.214,0.058,0.369,0.052,0.335,0.040
2028,1994,1,0.720,0.167,0.283,0.186,0.214,0.055,0.370,0.051,0.340,0.038
2029,1994,2,0.648,0.403,0.259,0.185,0.209,0.054,0.375,0.051,0.346,0.037
2030,1994,3,-0.312,0.627,0.287,0.160,0.210,0.049,0.379,0.051,0.350,0.037
2031,1994,4,0.105,0.148,0.321,0.151,0.214,0.049,0.385,0.048,0.355,0.036
2032,1994,5,0.157,0.479,0.329,0.147,0.226,0.050,0.388,0.047,0.360,0.035
2033,1994,6,0.218,0.313,0.355,0.146,0.239,0.047,0.389,0.047,0.365,0.034
2034,1994,7,0.709,0.176,0.337,0.149,0.245,0.051,0.388,0.048,0.366,0.034
2035,1994,8,0.468,0.257,0.278,0.137,0.249,0.051,0.388,0.048,0.369,0.034
2036,1994,9,0.405,0.392,0.312,0.110,0.246,0.053,0.392,0.049,0.373,0.035
2037,1994,10,0.247,0.330,0.316,0.122,0.239,0.056,0.391,0.051,0.374,0.035
2038,1994,11,0.163,0.163,0.328,0.120,0.254,0.059,0.393,0.051,0.377,0.034
2039,1994,12,0.732,0.318,0.362,0.123,0.263,0.066,0.397,0.051,0.378,0.033
2040,1995,1,0.507,0.190,0.328,0.134,0.282,0.069,0.396,0.050,0.379,0.032
2041,1995,2,-0.066,0.244,0.283,0.124,0.296,0.069,0.391,0.052,0.381,0.030
2042,1995,3,0.095,0.384,0.291,0.099,0.311,0.071,0.388,0.050,0.386,0.029
2043,1995,4,0.151,0.277,0.297,0.076,0.319,0.079,0.384,0.052,0.389,0.028
2044,1995,5,0.304,0.230,0.299,0.079,0.340,0.085,0.388,0.054,0.390,0.028
2045,1995,6,0.624,0.217,0.251,0.065,0.364,0.084,0.383,0.053,0.393,0.028
2046,1995,7,0.308,0.179,0.216,0.077,0.387,0.085,0.388,0.052,0.397,0.027
2047,1995,8,-0.072,0.253,0.213,0.092,0.414,0.086,0.386,0.052,0.400,0.026
2048,1995,9,0.502,0.088,0.236,0.090,0.451,0.091,0.389,0.051,0.405,0.026
2049,1995,10,0.315,0.181,0.219,0.080,0.478,0.093,0.391,0.051,0.407,0.026
2050,1995,11,0.193,0.138,0.213,0.070,0.500,0.092,0.391,0.054,0.409,0.025
2051,1995,12,0.153,0.223,0.196,0.063,0.506,0.093,0.396,0.054,0.411,0.024
2052,1996,1,0.082,0.170,0.215,0.074,0.511,0.090,0.394,0.054,0.412,0.023
2053,1996,2,-0.106,0.185,0.236,0.086,0.502,0.084,0.392,0.052,0.415,0.023
2054,1996,3,0.375,0.210,0.217,0.099,0.511,0.079,0.393,0.050,0.421,0.022
2055,1996,4,-0.054,0.362,0.196,0.100,0.525,0.076,0.393,0.049,0.422,0.023
2056,1996,5,0.231,0.274,0.216,0.104,0.538,0.071,0.398,0.049,0.423,0.023
2057,1996,6,0.424,0.152,0.233,0.096,0.537,0.068,0.395,0.048,0.423,0.023
2058,1996,7,0.530,0.452,0.289,0.087,0.535,0.068,0.396,0.048,0.426,0.024
2059,1996,8,0.188,0.158,0.353,0.076,0.537,0.066,0.396,0.046,0.427,0.025
2060,1996,9,0.270,0.287,0.362,0.071,0.546,0.059,0.397,0.044,0.429,0.025
2061,1996,10,0.067,0.274,0.394,0.065,0.555,0.059,0.403,0.043,0.433,0.024
2062,1996,11,0.429,0.266,0.447,0.102,0.551,0.053,0.408,0.043,0.435,0.024
2063,1996,12,0.355,0.286,0.481,0.119,0.551,0.050,0.415,0.043,0.436,0.024
2064,1997,1,0.759,0.321,0.522,0.176,0.543,0.050,0.418,0.042,0.439,0.023
2065,1997,2,0.659,0.251,0.598,0.195,0.536,0.050,0.418,0.041,0.439,0.023
2066,1997,3,0.491,0.374,0.649,0.219,0.535,0.051,0.418,0.042,0.438,0.024
2067,1997,4,0.321,0.577,0.696,0.257,0.530,0.053,0.416,0.042,0.439,0.024
2068,1997,5,0.878,0.348,0.736,0.289,0.534,0.054,0.423,0.042,0.441,0.025
2069,1997,6,0.829,0.428,0.795,0.298,0.530,0.055,0.426,0.043,0.439,0.026
2070,1997,7,1.020,0.362,0.862,0.281,0.526,0.052,0.434,0.044,0.439,0.026
2071,1997,8,1.103,0.398,0.962,0.272,0.530,0.053,0.439,0.045,0.439,0.026
2072,1997,9,0.877,0.241,1.077,0.275,0.535,0.050,0.442,0.044,0.439,0.025
2073,1997,10,0.630,0.503,1.192,0.253,0.536,0.053,0.447,0.046,0.438,0.026
2074,1997,11,0.911,0.391,1.236,0.221,0.545,0.055,0.455,0.048,0.435,0.026
2075,1997,12,1.061,0.236,1.245,0.202,0.533,0.057,0.465,0.047,0.433,0.027
2076,1998,1,1.568,0.147,1.206,0.176,0.537,0.059,0.468,0.048,0.432,0.027
2077,1998,2,1.858,0.192,1.133,0.138,0.543,0.065,0.470,0.047,0.430,0.027
2078,1998,3,1.870,0.306,1.112,0.120,0.539,0.068,0.480,0.047,0.426,0.028
2079,1998,4,1.702,0.311,1.118,0.108,0.541,0.068,0.482,0.046,0.426,0.028
2080,1998,5,1.401,0.146,1.110,0.107,0.546,0.069,0.490,0.045,0.425,0.028
2081,1998,6,0.942,0.138,1.053,0.108,0.554,0.067,0.492,0.045,0.425,0.029
2082,1998,7,0.546,0.180,0.972,0.114,0.556,0.065,0.494,0.045,0.425,0.029
2083,1998,8,0.224,0.298,0.879,0.112,0.565,0.064,0.494,0.044,0.427,0.029
2084,1998,9,0.630,0.234,0.742,0.126,0.567,0.065,0.497,0.045,0.428,0.029
2085,1998,10,0.699,0.403,0.654,0.158,0.574,0.061,0.501,0.044,0.427,0.029
2086,1998,11,0.823,0.389,0.533,0.168,0.578,0.062,0.503,0.044,0.429,0.029
2087,1998,12,0.369,0.329,0.471,0.181,0.575,0.062,0.502,0.044,0.431,0.029
2088,1999,1,0.601,0.226,0.442,0.183,0.578,0.066,0.501,0.043,0.431,0.030
2089,1999,2,0.743,0.213,0.430,0.177,0.584,0.065,0.502,0.043,0.432,0.031
2090,1999,3,0.223,0.211,0.404,0.170,0.585,0.064,0.509,0.042,0.433,0.031
2091,1999,4,0.643,0.254,0.344,0.141,0.591,0.063,0.516,0.043,0.436,0.030
2092,1999,5,-0.053,0.209,0.310,0.120,0.590,0.062,0.521,0.040,0.441,0.029
2093,1999,6,0.202,0.260,0.320,0.122,0.592,0.062,0.526,0.039,0.445,0.029
2094,1999,7,0.203,0.244,0.289,0.108,0.590,0.057,0.520,0.038,0.446,0.030
2095,1999,8,0.075,0.329,0.242,0.100,0.587,0.055,0.523,0.037,0.449,0.029
2096,1999,9,0.320,0.310,0.256,0.103,0.590,0.055,0.524,0.037,0.453,0.028
2097,1999,10,-0.016,0.269,0.221,0.097,0.593,0.053,0.526,0.037,0.456,0.028
2098,1999,11,0.415,0.110,0.294,0.099,0.592,0.052,0.528,0.037,0.458,0.027
2099,1999,12,0.479,0.202,0.271,0.089,0.589,0.052,0.525,0.037,0.460,0.027
2100,2000,1,0.231,0.214,0.302,0.087,0.586,0.053,0.524,0.039,0.463,0.026
2101,2000,2,0.182,0.284,0.318,0.090,0.583,0.057,0.537,0.041,0.466,0.027
2102,2000,3,0.389,0.077,0.313,0.080,0.573,0.056,0.544,0.040,0.468,0.027
2103,2000,4,0.226,0.220,0.349,0.081,0.576,0.062,0.549,0.039,0.469,0.028
2104,2000,5,0.823,0.220,0.355,0.087,0.569,0.063,0.550,0.036,0.472,0.027
2105,2000,6,-0.074,0.224,0.371,0.085,0.566,0.065,0.552,0.036,0.473,0.027
2106,2000,7,0.573,0.256,0.370,0.091,0.549,0.064,0.555,0.035,0.475,0.027
2107,2000,8,0.268,0.204,0.387,0.092,0.526,0.062,0.563,0.037,0.475,0.026
2108,2000,9,0.260,0.235,0.397,0.088,0.509,0.065,0.567,0.038,0.477,0.025
2109,2000,10,0.420,0.128,0.408,0.082,0.486,0.064,0.566,0.037,0.480,0.024
2110,2000,11,0.486,0.196,0.380,0.068,0.480,0.063,0.567,0.038,0.480,0.024
2111,2000,12,0.669,0.231,0.409,0.070,0.477,0.064,0.572,0.037,0.482,0.023
2112,2001,1,0.215,0.237,0.419,0.054,0.477,0.063,0.574,0.037,0.480,0.023
2113,2001,2,0.386,0.186,0.439,0.060,0.487,0.059,0.581,0.037,0.480,0.022
2114,2001,3,0.513,0.142,0.447,0.064,0.482,0.058,0.587,0.037,0.480,0.022
2115,2001,4,0.363,0.173,0.450,0.068,0.477,0.054,0.590,0.035,0.480,0.021
2116,2001,5,0.477,0.194,0.439,0.073,0.469,0.052,0.591,0.035,0.483,0.022
2117,2001,6,0.275,0.183,0.423,0.076,0.467,0.051,0.590,0.035,0.483,0.022
2118,2001,7,0.701,0.127,0.456,0.077,0.467,0.051,0.594,0.034,0.484,0.022
2119,2001,8,0.504,0.296,0.463,0.072,0.468,0.053,0.600,0.035,0.485,0.022
2120,2001,9,0.354,0.275,0.478,0.060,0.472,0.053,0.603,0.034,0.487,0.023
2121,2001,10,0.453,0.206,0.491,0.071,0.477,0.051,0.610,0.035,0.489,0.024
2122,2001,11,0.354,0.175,0.516,0.075,0.490,0.049,0.610,0.036,0.492,0.024
2123,2001,12,0.482,0.318,0.551,0.088,0.500,0.049,0.611,0.038,0.496,0.024
2124,2002,1,0.614,0.240,0.561,0.091,0.498,0.043,0.608,0.038,0.498,0.025
2125,2002,2,0.464,0.221,0.593,0.083,0.511,0.040,0.606,0.039,0.499,0.026
2126,2002,3,0.697,0.225,0.587,0.073,0.514,0.044,0.605,0.039,0.497,0.027
2127,2002,4,0.524,0.166,0.619,0.085,0.521,0.045,0.607,0.041,0.494,0.027
2128,2002,5,0.766,0.312,0.629,0.088,0.522,0.045,0.603,0.045,0.496,0.028
2129,2002,6,0.701,0.299,0.662,0.103,0.521,0.048,0.602,0.047,0.498,0.028
2130,2002,7,0.821,0.247,0.660,0.101,0.523,0.054,0.596,0.048,0.500,0.029
2131,2002,8,0.891,0.225,0.661,0.100,0.543,0.064,0.590,0.051,0.502,0.029
2132,2002,9,0.281,0.265,0.674,0.091,0.554,0.068,0.586,0.052,0.505,0.029
2133,2002,10,0.839,0.331,0.657,0.080,0.562,0.073,0.583,0.056,0.507,0.029
2134,2002,11,0.469,0.197,0.677,0.071,0.556,0.073,0.576,0.060,0.511,0.029
2135,2002,12,0.875,0.361,0.686,0.070,0.572,0.072,0.568,0.061,0.514,0.029
2136,2003,1,0.590,0.195,0.659,0.058,0.574,0.071,0.559,0.061,0.518,0.029
2137,2003,2,0.475,0.221,0.654,0.067,0.583,0.072,0.545,0.061,0.518,0.030
2138,2003,3,0.858,0.089,0.661,0.089,0.595,0.072,0.525,0.062,0.524,0.030
2139,2003,4,0.323,0.231,0.623,0.073,0.592,0.070,0.513,0.063,0.527,0.030
2140,2003,5,1.000,0.290,0.609,0.077,0.589,0.075,0.505,0.063,0.530,0.031
2141,2003,6,0.804,0.287,0.559,0.074,0.589,0.076,0.500,0.062,0.533,0.031
2142,2003,7,0.500,0.267,0.559,0.089,0.591,0.080,0.497,0.062,0.534,0.032
2143,2003,8,0.830,0.307,0.588,0.089,0.598,0.083,0.498,0.060,0.533,0.031
2144,2003,9,0.368,0.194,0.555,0.100,0.607,0.081,0.496,0.059,0.535,0.032
2145,2003,10,0.383,0.212,0.606,0.121,0.606,0.078,0.493,0.058,0.538,0.032
2146,2003,11,0.306,0.195,0.583,0.120,0.605,0.076,0.491,0.057,0.540,0.032
2147,2003,12,0.265,0.141,0.585,0.113,0.605,0.077,0.492,0.055,0.540,0.031
2148,2004,1,0.591,0.255,0.549,0.092,0.611,0.075,0.491,0.056,0.537,0.031
2149,2004,2,0.829,0.221,0.549,0.090,0.617,0.073,0.489,0.056,0.537,0.032
2150,2004,3,0.460,0.233,0.561,0.094,0.620,0.075,0.487,0.055,0.542,0.034
2151,2004,4,0.938,0.309,0.565,0.107,0.628,0.076,0.487,0.053,0.544,0.034
2152,2004,5,0.720,0.256,0.577,0.111,0.630,0.078,0.494,0.052,0.547,0.035
2153,2004,6,0.834,0.239,0.589,0.124,0.629,0.079,0.501,0.052,0.551,0.034
2154,2004,7,0.062,0.243,0.571,0.133,0.626,0.081,0.505,0.051,0.553,0.035
2155,2004,8,0.829,0.230,0.619,0.150,0.626,0.084,0.510,0.050,0.552,0.035
2156,2004,9,0.520,0.345,0.666,0.168,0.621,0.084,0.515,0.051,0.554,0.034
2157,2004,10,0.432,0.158,0.648,0.173,0.621,0.082,0.521,0.050,0.557,0.034
2158,2004,11,0.441,0.198,0.625,0.156,0.614,0.081,0.523,0.050,0.559,0.035
2159,2004,12,0.416,0.272,0.628,0.151,0.614,0.081,0.524,0.051,0.559,0.034
2160,2005,1,0.373,0.342,0.680,0.168,0.607,0.079,0.530,0.049,0.560,0.035
2161,2005,2,1.401,0.419,0.681,0.158,0.597,0.080,0.542,0.051,0.562,0.036
2162,2005,3,1.027,0.356,0.721,0.154,0.599,0.086,0.547,0.051,0.565,0.036
2163,2005,4,0.725,0.277,0.701,0.154,0.590,0.086,0.553,0.051,0.567,0.035
2164,2005,5,0.435,0.241,0.692,0.170,0.584,0.088,0.557,0.053,0.568,0.036
2165,2005,6,0.878,0.221,0.714,0.183,0.571,0.088,0.563,0.053,0.571,0.036
2166,2005,7,0.688,0.173,0.708,0.188,0.570,0.089,0.561,0.053,0.576,0.036
2167,2005,8,0.833,0.219,0.660,0.174,0.564,0.086,0.563,0.055,0.581,0.037
2168,2005,9,1.002,0.129,0.663,0.173,0.542,0.084,0.565,0.055,0.584,0.038
2169,2005,10,0.199,0.222,0.624,0.141,0.539,0.084,0.568,0.056,0.588,0.038
2170,2005,11,0.332,0.343,0.625,0.139,0.530,0.084,0.569,0.057,0.592,0.039
2171,2005,12,0.672,0.471,0.575,0.126,0.522,0.081,0.569,0.057,0.598,0.039
2172,2006,1,0.299,0.339,0.604,0.126,0.518,0.082,0.567,0.056,0.606,0.039
2173,2006,2,0.826,0.206,0.611,0.139,0.510,0.081,0.569,0.056,0.611,0.039
2174,2006,3,1.071,0.300,0.571,0.133,0.510,0.078,0.566,0.055,0.617,0.038
2175,2006,4,0.257,0.348,0.633,0.137,0.509,0.079,0.567,0.056,0.624,0.038
2176,2006,5,0.443,0.161,0.645,0.127,0.513,0.080,0.569,0.057,0.630,0.038
2177,2006,6,0.277,0.230,0.624,0.121,0.517,0.080,0.570,0.058,0.631,0.038
2178,2006,7,1.040,0.220,0.635,0.122,0.515,0.079,0.573,0.059,0.634,0.036
2179,2006,8,0.908,0.271,0.603,0.123,0.510,0.077,0.574,0.058,0.640,0.036
2180,2006,9,0.532,0.212,0.546,0.112,0.502,0.075,0.577,0.061,0.643,0.036
2181,2006,10,0.939,0.199,0.571,0.106,0.498,0.075,0.575,0.061,0.647,0.036
2182,2006,11,0.472,0.192,0.561,0.122,0.499,0.075,0.576,0.061,0.648,0.037
2183,2006,12,0.423,0.338,0.598,0.123,0.501,0.075,0.576,0.061,0.652,0.037
2184,2007,1,0.437,0.192,0.540,0.112,0.511,0.077,0.579,0.061,0.654,0.037
2185,2007,2,0.443,0.179,0.491,0.122,0.510,0.078,0.580,0.060,0.654,0.037
2186,2007,3,0.379,0.097,0.482,0.118,0.516,0.078,0.575,0.060,0.654,0.038
2187,2007,4,0.561,0.178,0.429,0.126,0.521,0.076,0.572,0.060,0.655,0.039
2188,2007,5,0.328,0.285,0.398,0.141,0.524,0.074,0.569,0.059,0.654,0.040
2189,2007,6,0.717,0.223,0.368,0.132,0.527,0.074,0.570,0.058,0.654,0.040
2190,2007,7,0.347,0.103,0.375,0.129,0.537,0.067,0.566,0.057,0.654,0.040
2191,2007,8,0.309,0.311,0.348,0.121,0.541,0.062,0.565,0.058,0.652,0.040
2192,2007,9,0.430,0.174,0.278,0.124,0.540,0.062,0.568,0.060,0.652,0.041
2193,2007,10,0.301,0.324,0.247,0.138,0.545,0.057,0.566,0.060,0.653,0.043
2194,2007,11,0.096,0.298,0.256,0.134,0.558,0.057,0.567,0.060,0.653,0.044
2195,2007,12,0.074,0.235,0.225,0.127,0.554,0.055,0.563,0.060,0.653,0.045
2196,2008,1,0.520,0.303,0.217,0.124,0.548,0.056,0.567,0.060,0.648,0.045
2197,2008,2,0.115,0.197,0.221,0.098,0.543,0.058,0.565,0.058,0.643,0.045
2198,2008,3,-0.466,0.203,0.215,0.099,0.534,0.060,0.569,0.059,0.638,0.045
2199,2008,4,0.193,0.315,0.215,0.086,0.545,0.061,0.572,0.061,0.634,0.046
2200,2008,5,0.435,0.204,0.252,0.082,0.549,0.059,0.569,0.060,0.630,0.047
2201,2008,6,0.347,0.181,0.290,0.078,0.548,0.054,0.574,0.058,0.629,0.047
2202,2008,7,0.245,0.191,0.287,0.078,0.544,0.049,0.574,0.057,0.630,0.047
2203,2008,8,0.358,0.289,0.322,0.068,0.539,0.046,0.572,0.056,0.634,0.046
2204,2008,9,0.360,0.127,0.358,0.068,0.525,0.045,0.572,0.055,0.634,0.046
2205,2008,10,0.300,0.179,0.398,0.075,0.528,0.050,0.574,0.056,0.634,0.047
2206,2008,11,0.544,0.262,0.427,0.081,0.532,0.054,0.576,0.054,0.634,0.046
2207,2008,12,0.534,0.292,0.478,0.087,0.536,0.058,0.577,0.054,0.637,0.046
2208,2009,1,0.478,0.253,0.514,0.087,0.535,0.062,0.573,0.053,0.642,0.046
2209,2009,2,0.532,0.140,0.550,0.102,0.531,0.064,0.572,0.051,0.644,0.046
2210,2009,3,-0.025,0.115,0.590,0.115,0.533,0.067,0.575,0.051,0.649,0.046
2211,2009,4,0.668,0.174,0.628,0.120,0.521,0.068,0.573,0.051,0.651,0.046
2212,2009,5,0.784,0.155,0.631,0.120,0.522,0.069,0.573,0.051,0.656,0.046
2213,2009,6,0.962,0.154,0.638,0.112,0.522,0.069,0.576,0.049,0.658,0.046
2214,2009,7,0.673,0.122,0.681,0.114,0.532,0.068,0.586,0.051,0.663,0.047
2215,2009,8,0.789,0.310,0.773,0.138,0.533,0.065,0.581,0.049,0.670,0.046
2216,2009,9,0.840,0.232,0.853,0.132,0.530,0.062,0.583,0.049,0.674,0.047
2217,2009,10,0.756,0.248,0.883,0.138,0.523,0.062,0.588,0.049,0.678,0.048
2218,2009,11,0.582,0.332,0.922,0.156,0.523,0.062,0.591,0.050,0.681,0.048
2219,2009,12,0.618,0.266,0.894,0.155,0.525,0.063,0.592,0.049,0.682,0.048
2220,2010,1,0.992,0.544,0.864,0.165,0.526,0.063,0.596,0.048,0.688,0.049
2221,2010,2,1.634,0.417,0.843,0.173,0.533,0.064,0.587,0.045,0.693,0.049
2222,2010,3,0.940,0.260,0.810,0.200,0.538,0.063,0.585,0.044,0.698,0.049
2223,2010,4,1.021,0.276,0.820,0.223,0.543,0.068,0.585,0.043,0.702,0.050
2224,2010,5,1.262,0.347,0.819,0.207,0.551,0.068,0.586,0.047,0.703,0.050
2225,2010,6,0.623,0.182,0.821,0.216,0.556,0.071,0.589,0.046,0.705,0.050
2226,2010,7,0.314,0.195,0.741,0.177,0.565,0.071,0.596,0.048,NaN,NaN
2227,2010,8,0.530,0.229,0.650,0.155,0.567,0.069,0.598,0.048,NaN,NaN
2228,2010,9,0.453,0.333,0.591,0.175,0.595,0.071,0.601,0.050,NaN,NaN
2229,2010,10,0.867,0.372,0.541,0.174,0.604,0.075,0.609,0.052,NaN,NaN
2230,2010,11,0.569,0.191,0.493,0.177,0.609,0.075,0.616,0.051,NaN,NaN
2231,2010,12,0.650,0.308,0.484,0.183,0.626,0.074,0.623,0.050,NaN,NaN
2232,2011,1,0.034,0.241,0.538,0.196,0.631,0.073,0.638,0.049,NaN,NaN
2233,2011,2,0.537,0.229,0.552,0.191,0.634,0.069,0.641,0.048,NaN,NaN
2234,2011,3,0.228,0.254,0.567,0.172,0.635,0.067,0.646,0.047,NaN,NaN
2235,2011,4,0.421,0.283,0.513,0.138,0.639,0.066,0.659,0.049,NaN,NaN
2236,2011,5,0.695,0.308,0.512,0.120,0.639,0.064,0.668,0.049,NaN,NaN
2237,2011,6,0.508,0.179,0.494,0.091,0.637,0.059,0.673,0.048,NaN,NaN
2238,2011,7,0.963,0.400,0.573,0.091,0.631,0.056,0.674,0.048,NaN,NaN
2239,2011,8,0.703,0.184,0.573,0.082,0.634,0.054,0.680,0.048,NaN,NaN
2240,2011,9,0.627,0.301,0.570,0.068,0.648,0.054,0.683,0.047,NaN,NaN
2241,2011,10,0.220,0.220,0.545,0.077,0.648,0.051,0.684,0.047,NaN,NaN
2242,2011,11,0.553,0.318,0.517,0.090,0.647,0.049,0.685,0.047,NaN,NaN
2243,2011,12,0.432,0.310,0.544,0.101,0.652,0.048,0.693,0.047,NaN,NaN
2244,2012,1,0.988,0.120,0.499,0.116,0.660,0.049,0.699,0.046,NaN,NaN
2245,2012,2,0.543,0.281,0.500,0.123,0.651,0.050,0.701,0.045,NaN,NaN
2246,2012,3,0.190,0.344,0.506,0.122,0.651,0.054,0.702,0.045,NaN,NaN
2247,2012,4,0.120,0.186,0.537,0.125,0.655,0.056,0.702,0.046,NaN,NaN
2248,2012,5,0.353,0.245,0.540,0.131,0.658,0.053,0.706,0.044,NaN,NaN
2249,2012,6,0.838,0.184,0.536,0.130,0.657,0.051,0.706,0.044,NaN,NaN
2250,2012,7,0.416,0.212,0.544,0.136,0.655,0.051,0.711,0.042,NaN,NaN
2251,2012,8,0.716,0.130,0.518,0.123,0.632,0.051,0.715,0.041,NaN,NaN
2252,2012,9,0.698,0.165,0.605,0.103,0.631,0.053,0.718,0.041,NaN,NaN
2253,2012,10,0.602,0.252,0.655,0.098,0.625,0.058,0.723,0.041,NaN,NaN
2254,2012,11,0.589,0.238,0.684,0.109,0.615,0.063,0.729,0.040,NaN,NaN
2255,2012,12,0.382,0.186,0.732,0.105,0.623,0.062,0.737,0.041,NaN,NaN
2256,2013,1,1.076,0.147,0.739,0.099,0.644,0.064,0.737,0.040,NaN,NaN
2257,2013,2,0.231,0.188,0.725,0.100,0.654,0.066,0.740,0.040,NaN,NaN
2258,2013,3,1.237,0.177,0.701,0.092,0.668,0.069,0.750,0.041,NaN,NaN
2259,2013,4,0.719,0.171,0.697,0.094,0.674,0.075,0.754,0.043,NaN,NaN
2260,2013,5,0.703,0.381,0.693,0.093,0.684,0.077,0.755,0.045,NaN,NaN
2261,2013,6,1.411,0.263,0.697,0.094,0.698,0.077,0.757,0.045,NaN,NaN
2262,2013,7,0.503,0.168,0.617,0.093,0.731,0.078,0.763,0.044,NaN,NaN
2263,2013,8,0.547,0.145,0.656,0.101,0.742,0.079,0.769,0.044,NaN,NaN
2264,2013,9,0.416,0.181,0.619,0.113,0.767,0.078,0.771,0.046,NaN,NaN
2265,2013,10,0.552,0.214,0.618,0.126,0.791,0.081,0.775,0.048,NaN,NaN
2266,2013,11,0.535,0.333,0.620,0.119,0.803,0.083,0.777,0.048,NaN,NaN
2267,2013,12,0.438,0.324,0.604,0.130,0.809,0.083,0.783,0.048,NaN,NaN
2268,2014,1,0.109,0.249,0.661,0.133,0.814,0.086,0.792,0.046,NaN,NaN
2269,2014,2,0.705,0.169,0.634,0.133,0.828,0.085,0.800,0.047,NaN,NaN
2270,2014,3,0.788,0.246,0.671,0.125,0.834,0.084,0.812,0.048,NaN,NaN
2271,2014,4,0.702,0.331,0.706,0.122,0.846,0.083,0.815,0.049,NaN,NaN
2272,2014,5,0.738,0.203,0.727,0.125,0.848,0.083,0.818,0.049,NaN,NaN
2273,2014,6,1.216,0.166,0.739,0.116,0.864,0.080,0.816,0.049,NaN,NaN
2274,2014,7,1.182,0.241,0.800,0.116,0.866,0.079,0.821,0.050,NaN,NaN
2275,2014,8,0.231,0.312,0.762,0.111,0.868,0.081,0.829,0.050,NaN,NaN
2276,2014,9,0.858,0.220,0.768,0.110,0.875,0.078,0.834,0.051,NaN,NaN
2277,2014,10,0.973,0.224,0.766,0.121,0.881,0.076,0.835,0.054,NaN,NaN
2278,2014,11,0.777,0.242,0.758,0.150,0.888,0.073,0.839,0.055,NaN,NaN
2279,2014,12,0.583,0.311,0.752,0.150,0.887,0.072,0.841,0.053,NaN,NaN
2280,2015,1,0.850,0.308,0.785,0.153,0.896,0.068,0.846,0.055,NaN,NaN
2281,2015,2,0.248,0.366,0.857,0.172,0.896,0.065,0.843,0.056,NaN,NaN
2282,2015,3,0.854,0.184,0.893,0.170,0.899,0.068,0.848,0.056,NaN,NaN
2283,2015,4,0.683,0.279,0.916,0.174,0.904,0.068,0.851,0.057,NaN,NaN
2284,2015,5,0.639,0.403,0.946,0.179,0.907,0.069,0.849,0.057,NaN,NaN
2285,2015,6,1.146,0.204,1.025,0.166,0.918,0.071,0.847,0.057,NaN,NaN
2286,2015,7,1.578,0.275,1.123,0.156,0.909,0.070,NaN,NaN,NaN,NaN
2287,2015,8,1.098,0.180,1.203,0.145,0.913,0.069,NaN,NaN,NaN,NaN
2288,2015,9,1.280,0.304,1.272,0.141,0.904,0.068,NaN,NaN,NaN,NaN
2289,2015,10,1.256,0.284,1.369,0.126,0.904,0.067,NaN,NaN,NaN,NaN
2290,2015,11,1.138,0.345,1.438,0.108,0.901,0.067,NaN,NaN,NaN,NaN
2291,2015,12,1.534,0.111,1.415,0.100,0.888,0.070,NaN,NaN,NaN,NaN
2292,2016,1,2.015,0.270,1.384,0.090,0.895,0.071,NaN,NaN,NaN,NaN
2293,2016,2,1.210,0.121,1.423,0.078,0.904,0.074,NaN,NaN,NaN,NaN
2294,2016,3,1.686,0.225,1.397,0.062,0.907,0.074,NaN,NaN,NaN,NaN
2295,2016,4,1.852,0.108,1.375,0.064,0.911,0.076,NaN,NaN,NaN,NaN
2296,2016,5,1.458,0.185,1.335,0.046,0.916,0.077,NaN,NaN,NaN,NaN
2297,2016,6,0.875,0.290,1.321,0.043,0.928,0.075,NaN,NaN,NaN,NaN
2298,2016,7,1.207,0.273,1.249,0.052,0.953,0.074,NaN,NaN,NaN,NaN
2299,2016,8,1.563,0.145,1.202,0.076,0.965,0.075,NaN,NaN,NaN,NaN
2300,2016,9,0.973,0.131,1.110,0.110,0.976,0.075,NaN,NaN,NaN,NaN
2301,2016,10,0.985,0.163,0.999,0.119,0.982,0.073,NaN,NaN,NaN,NaN
2302,2016,11,0.665,0.301,0.940,0.121,0.989,0.074,NaN,NaN,NaN,NaN
2303,2016,12,1.365,0.197,0.934,0.108,0.981,0.076,NaN,NaN,NaN,NaN
2304,2017,1,1.147,0.177,0.910,0.092,0.982,0.079,NaN,NaN,NaN,NaN
2305,2017,2,0.649,0.287,0.842,0.103,1.007,0.083,NaN,NaN,NaN,NaN
2306,2017,3,0.578,0.375,0.831,0.117,1.017,0.083,NaN,NaN,NaN,NaN
2307,2017,4,0.522,0.213,0.826,0.113,1.014,0.085,NaN,NaN,NaN,NaN
2308,2017,5,0.755,0.267,0.836,0.134,1.021,0.084,NaN,NaN,NaN,NaN
2309,2017,6,0.794,0.313,0.810,0.130,1.025,0.081,NaN,NaN,NaN,NaN
2310,2017,7,0.918,0.320,0.756,0.141,1.036,0.080,NaN,NaN,NaN,NaN
2311,2017,8,0.753,0.355,0.743,0.125,1.055,0.080,NaN,NaN,NaN,NaN
2312,2017,9,0.841,0.250,0.752,0.119,1.066,0.079,NaN,NaN,NaN,NaN
2313,2017,10,0.923,0.138,0.769,0.109,1.077,0.078,NaN,NaN,NaN,NaN
2314,2017,11,0.781,0.303,0.747,0.102,1.084,0.075,NaN,NaN,NaN,NaN
2315,2017,12,1.052,0.160,0.736,0.112,1.071,0.075,NaN,NaN,NaN,NaN
2316,2018,1,0.498,0.208,0.733,0.118,NaN,NaN,NaN,NaN,NaN,NaN
2317,2018,2,0.496,0.186,0.763,0.138,NaN,NaN,NaN,NaN,NaN,NaN
2318,2018,3,0.691,0.245,0.742,0.144,NaN,NaN,NaN,NaN,NaN,NaN
2319,2018,4,0.727,0.378,0.732,0.134,NaN,NaN,NaN,NaN,NaN,NaN
2320,2018,5,0.488,0.531,0.734,0.130,NaN,NaN,NaN,NaN,NaN,NaN
2321,2018,6,0.662,0.359,0.745,0.129,NaN,NaN,NaN,NaN,NaN,NaN
2322,2018,7,0.887,0.242,0.840,0.139,NaN,NaN,NaN,NaN,NaN,NaN
2323,2018,8,1.114,0.268,0.917,0.153,NaN,NaN,NaN,NaN,NaN,NaN
2324,2018,9,0.583,0.229,0.977,0.161,NaN,NaN,NaN,NaN,NaN,NaN
2325,2018,10,0.799,0.242,1.008,0.149,NaN,NaN,NaN,NaN,NaN,NaN
2326,2018,11,0.813,0.256,1.062,0.131,NaN,NaN,NaN,NaN,NaN,NaN
2327,2018,12,1.182,0.160,1.066,0.130,NaN,NaN,NaN,NaN,NaN,NaN
2328,2019,1,1.640,0.178,1.099,0.134,NaN,NaN,NaN,NaN,NaN,NaN
2329,2019,2,1.422,0.310,1.147,0.120,NaN,NaN,NaN,NaN,NaN,NaN
2330,2019,3,1.411,0.205,1.223,0.129,NaN,NaN,NaN,NaN,NaN,NaN
2331,2019,4,1.098,0.244,1.224,0.142,NaN,NaN,NaN,NaN,NaN,NaN
2332,2019,5,1.129,0.261,1.254,0.140,NaN,NaN,NaN,NaN,NaN,NaN
2333,2019,6,0.719,0.178,1.223,0.139,NaN,NaN,NaN,NaN,NaN,NaN
2334,2019,7,1.283,0.226,1.214,0.136,NaN,NaN,NaN,NaN,NaN,NaN
2335,2019,8,1.691,0.224,1.210,0.133,NaN,NaN,NaN,NaN,NaN,NaN
2336,2019,9,1.485,0.152,1.218,0.131,NaN,NaN,NaN,NaN,NaN,NaN
2337,2019,10,0.814,0.296,1.239,0.119,NaN,NaN,NaN,NaN,NaN,NaN
2338,2019,11,1.173,0.202,1.235,0.103,NaN,NaN,NaN,NaN,NaN,NaN
2339,2019,12,0.808,0.374,1.206,0.100,NaN,NaN,NaN,NaN,NaN,NaN
2340,2020,1,1.539,0.258,NaN,NaN,NaN,NaN,NaN,NaN,NaN,NaN
2341,2020,2,1.369,0.152,NaN,NaN,NaN,NaN,NaN,NaN,NaN,NaN
2342,2020,3,1.512,0.229,NaN,NaN,NaN,NaN,NaN,NaN,NaN,NaN
2343,2020,4,1.341,0.105,NaN,NaN,NaN,NaN,NaN,NaN,NaN,NaN
2344,2020,5,1.080,0.172,NaN,NaN,NaN,NaN,NaN,NaN,NaN,NaN
2345,2020,6,0.382,0.215,NaN,NaN,NaN,NaN,NaN,NaN,NaN,NaN
